function iterate = SimpleMultiFi_x0
iterate(1).x = [1.325616686504046; 1.328058890064907];
iterate(1).p = {};
return;
