580.032713317,6.19541216162,-31.8462233091,-92.9488779554,-1.89454976678,366.566092153,111.064091209,0.290934646801,-0.128662441783,182.56360279,-109.087138346,-108.412306412,17.031767775,-5.69290651452,4.66866148088,-20.7208935459,-54.872998603,-104.461006791,-31.2968859743,0.926835024591,103.822004821,128.773109034,-505.324363005,68.5717443598,-3.62379353068,8.94975183663,-15.0749490252,3.82118600358,-2.43056123235,3.22788920356,-2.09174880878,-5.85931819021,5.16723888017,2.09987119426,8.79363467482,-1.17668098452,-2.36832920955,-1.756540296,1.16691905082,3.54398322822,1.01438953437,1.57464947869,-0.303781823218,-0.172501952304,0.869629406099,-0.929836252855,0.0196532042404,3.45310761395,2.92634480826,3.1785029495,0.452669039973,-4.44871885847,-2.99095288932,-1.413724954,-0.22542879779,-4.80640171145,8.72581908826,-6.09816857067
6.19541216162,93.5543665238,6.6681177045,15.1044729001,1.36007957106,-12.7686497795,-26.3420161802,-0.0339793527797,0.215137321719,-26.7427831114,10.5334245428,10.5663285354,1.68653085907,-2.90795921444,-1.51578491066,-1.00081835686,-4.1924724285,-0.302452562305,1.04773868363,-0.0971662727482,-23.7347596085,1.22440830122,23.8236688641,-10.6345898565,0.352307772822,2.18865280619,-0.458204259236,-1.65773428795,-63.9926467098,-0.889063763544,2.37407526595,-0.265656675716,1.26493562655,1.08683598894,0.100601347323,-0.495665611794,-1.15307928381,-0.437296049545,-0.101554580749,0.184878251396,-1.28287882646,-0.467942280136,0.815835494283,0.600338988791,0.132633875126,-0.177710994265,-0.336172450162,-1.70086336874,-0.869109365881,-0.806362179874,1.60320992918,-0.909989189201,-0.9452552118,0.592794076758,-0.301758236272,0.867771372996,0.153905031316,-2.4063261254
-31.8462233091,6.6681177045,238.461481214,1023.9795069,202.116059371,173.08740011,-896.402651446,-0.0871855416615,0.697344721769,-931.540987146,408.444652815,407.96283692,2.09166741909,-3.32505290457,-7.48303290034,3.35818355381,-24.3354346676,-71.6049042088,-11.5861614063,-0.117446651451,-772.946952007,-20.0673079008,111.098990714,264.022372136,0.567721222283,-11.5953433085,-5.41879984665,18.366978799,-1.7390548607,10.3382543531,7.00125794246,6.45561482645,0.640789970027,2.80687123831,2.13433268479,-0.0936257589835,0.13942538041,-0.447626546821,-0.160127130489,0.67851312478,1.54745983808,-0.958193345591,-0.39265221311,-1.6572183185,1.60442784526,-0.306107575874,-0.0904324458405,1.42546742068,1.4089881804,-0.147014603543,-0.217870131535,-0.510282819851,0.015196691884,-1.06678457949,-13.3263494169,1.38515498897,5.6066943736,0.196535475793
-92.9488779554,15.1044729001,1023.9795069,5587.69051458,1120.61291446,1065.96834617,-3777.27781502,-0.0842887226715,1.76325410589,-3890.74622607,1757.91857228,1755.63676381,-13.0893917529,-14.9102104175,-38.5714272203,34.0277917942,-29.4150783372,-229.7700851,-46.1013628329,0.402489798338,-3257.96269751,-94.4186783871,483.909314495,1729.39405007,-1.08290478828,20.2359947029,-11.1692184273,-8.785857403,1.42479306134,3.67098080678,-53.5396251166,-9.01608345808,-0.92934794189,5.72362613233,6.47543234529,0.30363124327,2.96329710104,-1.98322635986,0.381299522046,1.07747071551,11.3182780439,-2.91990889733,-8.59749905772,-10.4264721517,4.31895114296,5.74830786811,0.242819713617,8.77357411,16.3962497754,-4.19860491037,-5.73496671377,2.26689195934,1.14520200047,-9.23444383944,-58.2407175935,5.88623326285,11.4322907308,9.23037044541
-1.89454976678,1.36007957106,202.116059371,1120.61291446,244.109036072,235.416402964,-746.104941132,0.310439594508,-0.795284039219,-760.516706875,336.229987185,335.729244955,-2.34735366991,-1.99972004067,-2.83516317853,4.07035571471,-10.1478609265,-68.0746194397,-24.9460092268,1.00504645006,-637.877407719,-2.49873151099,72.9659425802,344.966435012,-3.88103564429,6.31308991987,-1.01085208566,-7.87517168539,0.683456293356,-1.1144117926,-14.5310821604,-3.36254948984,0.509069960723,1.47706478404,1.37208313178,0.0843525192399,1.50759112955,-0.431467267898,1.22223785359,-0.58528377196,2.40696523447,-1.07297807978,-2.24638736438,-1.79313542705,0.916173779307,1.79328863742,0.090689182661,2.03515178834,4.68784450913,-0.277496441074,-1.50609323715,0.28631146094,-0.281910895604,-2.40797462284,-11.5306675292,1.11051152858,2.12906083247,1.67134789966
366.566092153,-12.7686497795,173.08740011,1065.96834617,235.416402964,692.761657171,-636.171953922,0.343156108582,-0.363674356693,-594.498608293,226.035514613,225.848662802,14.2031119911,3.16507003157,7.5691044761,-6.3821651247,-62.1042242607,-144.650382144,-42.3530088672,1.27397981933,-541.926979714,109.573907433,-503.384089118,469.539785224,-4.85418432759,12.1852810532,-5.09357641051,-117.952421979,-3.03410012723,-67.2475914602,-60.6228516937,-47.6979818074,0.612493661492,0.331002047887,5.5559022386,-1.34661489514,0.175867559993,-0.551668423894,1.54165806705,0.778143186953,1.51673843247,-0.834677327679,-6.63696999661,-2.22756878671,2.74073949269,-0.287438727108,-0.928602185463,5.64049149535,5.6698160482,2.06133450821,-1.29102483749,0.0902196570405,-0.427199400015,-2.74204144614,-12.0347313482,0.346745619734,3.18904103181,-4.49354034512
111.064091209,-26.3420161802,-896.402651446,-3777.27781502,-746.104941132,-636.171953922,3552.75977643,0.0741122543751,0.35100593242,3537.17162175,-1599.78824309,-1597.34818837,21.2115000583,12.7196930737,20.6611976548,-11.6509937539,97.6442425164,346.886023219,58.4568667213,0.422393570863,2960.81311141,-11.8050979846,-392.057792759,-849.995225444,-2.03551570992,61.1252902815,29.1233819523,-78.1826959859,7.25941375862,-41.9405527892,-30.8464464612,-23.638874562,-4.52793481573,-12.3870860256,-12.2379778953,-10.9140089272,-10.009514529,-0.732456948164,0.506545716225,-12.3370922884,-21.7220333911,-5.08841960486,-5.51358355186,-0.426190262278,-7.73576697585,0.223215187613,-0.0110235249021,-8.82773076937,-5.7703619592,-1.31188304598,-2.12430189439,3.29032676569,-15.3265625457,5.64143100784,50.1143964982,-7.18142069135,-28.7040050474,4.66926744183
0.290934646801,-0.0339793527797,-0.0871855416615,-0.0842887226715,0.310439594508,0.343156108582,0.0741122543751,0.0597906178146,-0.49016853671,0.0911093426573,-0.0546333593699,-0.0602621258019,-0.0563261289286,0.00992459244522,0.00644177166328,-0.049783714242,0.0821098352186,0.328346622763,-0.163365655052,0.0165479663529,0.387803029851,0.160881781216,-0.26866615619,0.312055275427,-0.0679200935665,-0.017981502792,-0.00863841371125,-0.106376880136,0.0267366860478,-0.0271560963226,-0.0673175325234,-0.016554484539,0.0121180674361,-0.00104315966924,0.0268619028686,0.0036523114503,0.0820292807562,0.00747549765713,0.0203454018369,-0.0152464028276,-0.00558226308234,0.00228481258884,0.00382283719419,0.0114150741093,-0.016393836095,0.0221939587951,0.00212527540181,-0.000595278245138,0.0216219547655,0.00628588209611,-0.0116974880659,-0.00569123269646,-0.0258739060327,-0.0142521147118,-1.64752074374e-05,-0.012178683137,-0.0109424185234,-0.000940728203928
-0.128662441783,0.215137321719,0.697344721769,1.76325410589,-0.795284039219,-0.363674356693,0.35100593242,-0.49016853671,5.86586718528,3.58687707647,-2.34214769116,-2.25483834056,1.46852807731,1.10386247173,0.133880160623,-0.97306572394,-2.96521919448,-4.55109951062,-0.313531495181,-0.043945203096,-2.5752964855,2.34684427712,0.403589843715,-3.36058328496,0.17203683936,3.33573881397,0.378643500014,0.329907579239,-0.322548840808,0.0477226355937,0.0847294537111,-0.0663220801687,-0.0778871474733,0.0724233260777,0.068422286035,-0.0717726330572,-1.06517161959,0.00872384456223,-0.0426808726988,-0.00935834292948,0.142249836058,-0.262635780587,-0.0566018713768,-0.0933659745694,0.260050355708,-0.270131977618,-0.0264890281126,0.152155376596,-0.122199824819,-0.0114981684091,0.208834022842,-0.0462934780275,0.0820373755224,0.0293046924595,-0.00300205976408,0.0930063145559,0.275639737049,-0.203225629017
182.56360279,-26.7427831114,-931.540987146,-3890.74622607,-760.516706875,-594.498608293,3537.17162175,0.0911093426573,3.58687707647,4160.27295928,-1671.75876432,-1667.39514628,50.568156177,17.6056507984,58.462420496,-54.3551898714,-1.98675861759,200.286215564,24.9088559815,0.907717427204,3068.20533775,407.126440818,-535.148836976,-1082.48736898,-4.21230825547,112.016328594,33.171580515,-93.2985259263,2.76895157808,-49.9947306434,-41.8329217981,-33.4765575137,-11.2393716931,-4.00001765448,-8.99597998923,-11.9173560591,-6.95283887874,-5.99515397831,1.38521182697,6.98713977707,-17.0739520259,-7.03436564815,-12.3084514672,3.26552435717,-21.7983716394,-14.0894671652,-0.820787379572,1.30169917731,-21.391354981,-12.5543377253,-13.3187377119,-10.1341058234,-18.5697928392,-4.04750025026,51.9792851379,-15.8428850887,-30.0865886491,-9.29944895228
-109.087138346,10.5334245428,408.444652815,1757.91857228,336.229987185,226.035514613,-1599.78824309,-0.0546333593699,-2.34214769116,-1671.75876432,1074.65070959,1071.16372745,-117.17588553,-8.87296498994,-65.4925457746,17.3464001898,71.4665646439,124.329015829,33.9324425211,-0.854826517782,-1306.98421664,-236.159628285,304.067607268,699.826351527,3.18076274397,-31.4666451441,-16.681306747,40.6775355092,1.28646419424,36.057083444,20.8866916589,18.5009404777,8.78972897019,4.73785097022,1.36564396184,22.6880528269,20.6926749269,4.10610207236,-0.952645069873,20.6927615898,27.6633939177,16.9194818494,19.2759290976,10.9270766367,20.4091968718,20.4250657229,0.390859215544,10.774492598,14.8297040368,11.4568981799,14.2394370274,10.2933634615,21.000472304,4.77704688298,-23.0806446938,7.56840193645,11.0572782366,18.7360080304
-108.412306412,10.5663285354,407.96283692,1755.63676381,335.729244955,225.848662802,-1597.34818837,-0.0602621258019,-2.25483834056,-1667.39514628,1071.16372745,1068.41149972,-115.502368945,-8.23574507117,-65.0745596629,16.6591392118,69.2905814553,120.562108088,33.2414087191,-0.860288147066,-1305.44142845,-233.079317496,302.894525196,695.720483861,3.19003797323,-29.8484663053,-16.8259171754,40.5189705555,1.25925889831,35.8757505889,20.8254359714,18.4938356975,8.72501092324,4.70691374964,1.59351502533,22.5261553773,20.5668881342,4.11078712149,-0.952314273716,20.6073117616,27.7439416891,16.7633390687,19.2837889143,10.8418977282,20.2945131164,20.2849604976,0.339581443003,10.7363180531,14.6824655101,11.3530871012,14.2629694098,10.2149771293,20.7934389219,4.69111132362,-23.040619597,7.45651900031,11.10881683,18.6296632871
17.031767775,1.68653085907,2.09166741909,-13.0893917529,-2.34735366991,14.2031119911,21.2115000583,-0.0563261289286,1.46852807731,50.568156177,-117.17588553,-115.502368945,112.993549287,2.06903359277,17.7021502566,-10.8096353746,-78.4061106137,-74.8493537203,-14.1003938652,0.0349635505505,-11.9438850474,114.797139436,-5.31235098486,-140.526868393,-0.022962817813,6.75054426899,0.845397508215,-2.38820700307,-2.02157736138,-5.50566791166,-1.37848276764,1.33217325374,-2.0608164926,-0.639832957717,2.22449061119,-7.04896454724,-4.46388396085,2.19228954236,0.0150875285562,-0.720835271394,1.80901385805,-8.4426651542,-2.37202739696,-3.57073868642,-6.99049347583,-5.9592742755,-0.700561215883,-0.671705583962,-1.13340983233,-5.75244728762,-0.578294795655,-4.79934588871,-9.61278806776,-0.657839219873,0.316341522316,-3.45991415462,-0.904621428579,-8.84318517219
-5.69290651452,-2.90795921444,-3.32505290457,-14.9102104175,-1.99972004067,3.16507003157,12.7196930737,0.00992459244522,1.10386247173,17.6056507984,-8.87296498994,-8.23574507117,2.06903359277,432.333206763,-10.7087742727,-0.258404454852,-10.0799380653,45.581629197,8.06047368584,-0.0301248102917,10.6657776473,0.782498637521,14.319636678,10.8800317127,-0.16587024067,56.946680117,1.679872004,-1.65830696405,-0.354897697642,0.266824464686,-4.43273924543,-5.21225503576,2.9413382996,-5.42708074308,-11.4794983327,0.106402103518,1.68458769761,0.796623150953,0.102193575532,-3.63002670836,2.38855776341,0.498186661026,-2.24755088912,-2.460440575,0.00412580666068,-1.56181102753,-0.734175700928,-1.01939252,3.35760897478,-3.61565485023,0.164030747927,2.57065245787,-0.409046966437,0.779955678111,0.122763675509,-2.49971909671,1.38310745235,-0.229448184747
4.66866148088,-1.51578491066,-7.48303290034,-38.5714272203,-2.83516317853,7.5691044761,20.6611976548,0.00644177166328,0.133880160623,58.462420496,-65.4925457746,-65.0745596629,17.7021502566,-10.7087742727,253.997938319,-5.02904860961,-55.0611807449,-287.896189294,-57.3648986467,0.321008210098,17.3886234972,86.2175733365,-279.48740615,-123.467124543,-0.923178573037,-13.0048524722,-0.728698853185,-4.28027136081,-0.0383893614473,-0.493310345562,-3.92925178291,-4.43624683399,3.49415356241,2.70042616339,3.63836833211,-2.94287021703,1.75993669136,-0.834936459351,0.299322041877,-1.13253263272,0.0173352855293,-4.83449328016,-3.62845469142,-0.729302497845,-0.00135640474126,0.182413291577,-0.0871282909406,0.094447155323,2.11896025214,1.44369667134,0.942528590405,0.373185628652,2.10007222802,0.0336582893282,0.235660949016,1.18849180744,5.17866115798,-1.48593865135
-20.7208935459,-1.00081835686,3.35818355381,34.0277917942,4.07035571471,-6.3821651247,-11.6509937539,-0.049783714242,-0.97306572394,-54.3551898714,17.3464001898,16.6591392118,-10.8096353746,-0.258404454852,-5.02904860961,165.184127,83.7867335452,-3.60037449014,1.50474598121,-0.135576386302,-9.35745164185,-55.1704293977,46.6187178533,37.0937775706,0.706524588934,-19.8759910101,-5.06467075741,-0.437582920343,2.02408917885,-3.04106226483,1.16266790231,4.823677644,-0.689816148209,0.0995689037902,-64.8964142315,-1.88894641254,2.30806201255,2.44163350278,-0.259939406993,-1.72272050768,0.0961217728531,0.508134282142,-1.43532537887,-3.22285156697,-2.03325151066,-1.80810352216,0.0621305581545,0.150984443201,-0.108961382867,-1.54527018256,-0.648553558234,7.92256646708,2.2876732706,-1.23011903736,0.275948350004,-0.389986131011,-1.74605608694,14.0890121697
-54.872998603,-4.1924724285,-24.3354346676,-29.4150783372,-10.1478609265,-62.1042242607,97.6442425164,0.0821098352186,-2.96521919448,-1.98675861759,71.4665646439,69.2905814553,-78.4061106137,-10.0799380653,-55.0611807449,83.7867335452,252.598625308,265.484963041,52.4630751678,-0.279789350493,103.714833402,-199.394987916,60.1156335493,311.195644651,0.734142027026,-15.4223382725,3.37317266406,4.47016690714,4.94462802484,6.75409875825,3.23655574097,7.65608033294,3.1344983206,0.106172728675,-4.24446084753,1.91375166051,5.61419869267,-1.86408452339,-0.273072795542,-1.5521375466,-6.50253959972,7.53778650355,1.04336798189,1.62265709721,-1.28405064567,5.89798112585,2.03585408629,-2.80197511834,1.29872012301,1.37843629453,0.325680625647,8.84475252316,7.12584618644,2.55552912053,1.11938844606,5.88236225242,-3.96786369806,25.9798136119
-104.461006791,-0.302452562305,-71.6049042088,-229.7700851,-68.0746194397,-144.650382144,346.886023219,0.328346622763,-4.55109951062,200.286215564,124.329015829,120.562108088,-74.8493537203,45.581629197,-287.896189294,-3.60037449014,265.484963041,2436.37279798,472.748858203,-1.78029077494,302.790099514,-397.925083932,755.648173808,1105.58368623,3.79995697752,74.0403010928,18.4473641109,-0.212524847566,4.77015117066,5.26150958426,1.19866439969,11.9318071153,-20.1419893583,-9.51291977187,-2.60566027974,3.94851493434,11.3270165285,4.39496507925,-1.31634444427,-3.34280644796,-2.23791086882,4.27068620437,7.47685288767,0.388084449274,-8.56467200383,5.48943763835,3.38828637222,-1.9585096808,-0.146273814385,-5.82573541169,-3.99160954736,6.58857117958,-0.472146996706,2.04677612978,1.02990771242,-4.77457200745,-15.1568699507,16.3711161822
-31.2968859743,1.04773868363,-11.5861614063,-46.1013628329,-24.9460092268,-42.3530088672,58.4568667213,-0.163365655052,-0.313531495181,24.9088559815,33.9324425211,33.2414087191,-14.1003938652,8.06047368584,-57.3648986467,1.50474598121,52.4630751678,472.748858203,100.56312228,-0.970918367632,47.2702770388,-86.0357650918,158.617011919,207.797117934,3.28227263746,12.5094398002,2.54800226682,4.01255583888,0.652027532497,2.15404454475,2.89370547256,3.2654936598,-4.1833531875,-2.08507453103,-0.569105618269,0.663658602907,1.48306859921,0.850350659154,-1.05971505851,-0.0658445532585,-0.455608417677,1.13691065004,1.71679553126,-0.169055807735,-1.63887367168,0.569251567868,0.625195640035,-0.693188692979,-0.945452851378,-1.51633418178,-0.447279286895,1.34605434963,0.367688917194,0.808238833331,0.117118434985,-0.834855486478,-2.78465226676,3.22273357802
0.926835024591,-0.0971662727482,-0.117446651451,0.402489798338,1.00504645006,1.27397981933,0.422393570863,0.0165479663529,-0.043945203096,0.907717427204,-0.854826517782,-0.860288147066,0.0349635505505,-0.0301248102917,0.321008210098,-0.135576386302,-0.279789350493,-1.78029077494,-0.970918367632,0.0596528580903,0.664248244448,0.970404971857,-1.41454466076,-0.281235984943,-0.203143549694,-0.0378060749024,0.0567546844739,-0.331922932568,0.0286645236188,-0.111102493577,-0.210114973222,-0.0881063164203,0.0393322038675,0.0518959961681,-0.00351033654124,0.00226059226224,0.0463702066964,-0.00221613793049,0.0630883880052,-0.0433872696968,0.0171795442063,-0.0228724733034,-0.0274906912044,0.0207750121551,0.00190458973704,0.0338077059356,0.00378888263492,0.0241640349501,0.0686562508351,0.034553512112,-0.0196041941007,-0.0150177023548,-0.0301848539674,-0.0336342237721,0.00656411600565,-0.00131724511578,-0.00305959385526,-0.0176494569178
103.822004821,-23.7347596085,-772.946952007,-3257.96269751,-637.877407719,-541.926979714,2960.81311141,0.387803029851,-2.5752964855,3068.20533775,-1306.98421664,-1305.44142845,-11.9438850474,10.6657776473,17.3886234972,-9.35745164185,103.714833402,302.790099514,47.2702770388,0.664248244448,2544.97680393,27.5113496851,-359.456982663,-742.972225675,-3.02794403985,45.4850934307,21.3469980021,-68.8067487037,6.78416683596,-34.9509577614,-27.6549708452,-21.4272202765,-3.00751121397,-9.01405055446,-8.67419865341,0.24296962008,0.0556523499901,2.6684562694,0.879777243071,-3.07253261307,-3.76860115275,3.7574409337,0.881691207607,4.82178761217,-5.91041079619,1.81138405708,0.430472026846,-6.00495163379,-4.81791424037,0.0278565941759,-0.755397220268,1.6146059249,-10.075478335,3.70725531012,43.0514354134,-6.3394102372,-24.4858004497,2.45419845856
128.773109034,1.22440830122,-20.0673079008,-94.4186783871,-2.49873151099,109.573907433,-11.8050979846,0.160881781216,2.34684427712,407.126440818,-236.159628285,-233.079317496,114.797139436,0.782498637521,86.2175733365,-55.1704293977,-199.394987916,-397.925083932,-86.0357650918,0.970404971857,27.5113496851,601.36779195,-264.988191608,-486.798552419,-3.66496941521,19.7425551133,-6.20138773227,-24.7605043677,-4.70890832531,-26.5070867206,-13.2221354497,-15.5728203734,-11.5843092693,7.26406726403,4.64825051935,-0.865406782196,-0.174301164458,-2.65467273759,1.27187453581,1.3274662481,2.29600523837,-3.97822544538,0.695291487123,1.72686760679,3.78796127677,-0.442135167965,0.623110137349,5.37197616784,2.73667077588,2.36452413755,3.15070802701,-3.0776634256,-18.0198957044,-18.7888558456,1.4823993172,-15.492636607,3.31015862032,-33.0373596672
-505.324363005,23.8236688641,111.098990714,483.909314495,72.9659425802,-503.384089118,-392.057792759,-0.26866615619,0.403589843715,-535.148836976,304.067607268,302.894525196,-5.31235098486,14.319636678,-279.48740615,46.6187178533,60.1156335493,755.648173808,158.617011919,-1.41454466076,-359.456982663,-264.988191608,1324.70126293,103.312298882,4.85298610114,6.72285003044,7.10434697935,154.550830759,3.36827546314,103.552005161,47.522185716,59.5644657625,19.468461488,17.8622931184,-10.568153754,2.36005884849,-0.410295006237,4.93404268727,-1.57646208655,-2.73149729103,7.27123614634,-0.282226789886,6.7981495614,-1.85006758622,-5.23469768608,-2.66538022896,-0.432605775672,-0.27368634404,-5.85913055408,-8.14663135272,-2.26078642241,-0.504917518079,-11.6655092764,-2.2744754229,-3.8202455576,-6.04453480161,-10.1516863092,0.63843442255
68.5717443598,-10.6345898565,264.022372136,1729.39405007,344.966435012,469.539785224,-849.995225444,0.312055275427,-3.36058328496,-1082.48736898,699.826351527,695.720483861,-140.526868393,10.8800317127,-123.467124543,37.0937775706,311.195644651,1105.58368623,207.797117934,-0.281235984943,-742.972225675,-486.798552419,103.312298882,1788.76168131,-0.413498202562,56.3051705542,19.3836438266,-57.281231212,5.97661842313,-27.0280567837,-36.9550788895,-18.6955456977,-18.2875315087,-17.7466586196,-4.88239512539,4.43111546445,7.52565358217,0.737154078082,0.0555493533821,-1.25614303223,-4.81565658585,4.0681797927,-4.44255339102,-3.93863317704,0.511498079982,8.2965244132,0.877831541903,-0.968518662614,8.20485459033,-2.83341575756,-6.9374237535,8.95465640739,44.3290844903,17.1349954332,-18.6889463345,28.8282600801,5.82526224488,71.7908205309
-3.62379353068,0.352307772822,0.567721222283,-1.08290478828,-3.88103564429,-4.85418432759,-2.03551570992,-0.0679200935665,0.17203683936,-4.21230825547,3.18076274397,3.19003797323,-0.022962817813,-0.16587024067,-0.923178573037,0.706524588934,0.734142027026,3.79995697752,3.28227263746,-0.203143549694,-3.02794403985,-3.66496941521,4.85298610114,-0.413498202562,0.810985101576,-0.453599093701,-0.30509662348,1.30425943704,-0.0843420914393,0.392354885759,0.84966053709,0.327085628545,-0.136670215539,-0.144317404685,-0.0527920556761,-0.0150434942851,-0.195098604242,0.0134629342752,-0.255322502056,0.184645946951,-0.0457293197275,0.0966980045471,0.0952290518584,-0.0830452674682,-0.00829468751239,-0.140649802132,-0.0149835252625,-0.103156165855,-0.266089610564,-0.134026634604,0.0797058539036,0.0463971982957,0.121097760261,0.132328568617,-0.0254418735019,0.0046798295566,0.00319044134382,0.0472403358178
8.94975183663,2.18865280619,-11.5953433085,20.2359947029,6.31308991987,12.1852810532,61.1252902815,-0.017981502792,3.33573881397,112.016328594,-31.4666451441,-29.8484663053,6.75054426899,56.946680117,-13.0048524722,-19.8759910101,-15.4223382725,74.0403010928,12.5094398002,-0.0378060749024,45.4850934307,19.7425551133,6.72285003044,56.3051705542,-0.453599093701,766.6879801,19.0867002944,-6.27216307638,-2.76039675405,-9.8565727546,-3.80971237637,-2.12296647167,-6.05044745161,-10.8922567406,5.96909408308,-2.33130349399,-3.59313210055,2.76430429775,0.252380308398,-5.67528551262,-3.58938143627,-9.54565430019,-1.34986383858,-1.4120130653,2.02440004544,-7.4953147876,-2.67340531357,4.79088624724,-8.1735964874,-2.86230412403,5.84846717065,1.98284791908,5.57863364953,-3.38118110737,0.872081264686,2.36265582518,5.74430336709,2.05944794414
-15.0749490252,-0.458204259236,-5.41879984665,-11.1692184273,-1.01085208566,-5.09357641051,29.1233819523,-0.00863841371125,0.378643500014,33.171580515,-16.681306747,-16.8259171754,0.845397508215,1.679872004,-0.728698853185,-5.06467075741,3.37317266406,18.4473641109,2.54800226682,0.0567546844739,21.3469980021,-6.20138773227,7.10434697935,19.3836438266,-0.30509662348,19.0867002944,193.989305786,-1.53690224383,0.789969823555,-5.07469230379,1.74260823231,-0.296781748834,-4.11373464997,-0.098392288275,-0.394453263678,-1.54684771994,-2.29784985172,2.19790373749,0.103787437584,-0.975292040067,-1.11980745686,-1.726589526,-3.26092678883,1.77029213964,-4.2176236932,-3.43671875513,-0.582856215929,-0.871171070248,1.23484047117,-2.70231693529,2.83213668022,2.41754830342,2.5414121361,2.19274340421,0.376884840803,-1.82884947877,0.693681291038,4.06958569688
3.82118600358,-1.65773428795,18.366978799,-8.785857403,-7.87517168539,-117.952421979,-78.1826959859,-0.106376880136,0.329907579239,-93.2985259263,40.6775355092,40.5189705555,-2.38820700307,-1.65830696405,-4.28027136081,-0.437582920343,4.47016690714,-0.212524847566,4.01255583888,-0.331922932568,-68.8067487037,-24.7605043677,154.550830759,-57.281231212,1.30425943704,-6.27216307638,-1.53690224383,191.139955978,1.9876754024,0.76568215067,1.34137311025,1.48832914616,0.156190880062,1.7347165771,-0.822914988334,-1.09647956863,-0.635219939419,-0.289466215224,-0.405839375767,0.862268196687,0.374962374256,-0.482751101941,2.28699161601,0.392194544728,-2.02249668601,-1.60161824767,0.0837486301203,-0.43506255098,-3.36414247089,-1.14381768854,1.26862905742,-1.23764291287,2.1770591013,0.26057666301,-0.767716387824,-0.261790005895,5.71061897135,-3.19473778449
-2.43056123235,-63.9926467098,-1.7390548607,1.42479306134,0.683456293356,-3.03410012723,7.25941375862,0.0267366860478,-0.322548840808,2.76895157808,1.28646419424,1.25925889831,-2.02157736138,-0.354897697642,-0.0383893614473,2.02408917885,4.94462802484,4.77015117066,0.652027532497,0.0286645236188,6.78416683596,-4.70890832531,3.36827546314,5.97661842313,-0.0843420914393,-2.76039675405,0.789969823555,1.9876754024,62.4059876173,2.20385543264,-1.77761208141,0.593462555758,-0.23860112913,-0.903856984359,-0.367424164403,0.707906379686,1.07044414749,0.920806807578,0.0172960830419,0.548498352536,0.791191301289,0.353326525509,-0.209006612175,-0.68066500794,0.122971977176,0.530746164745,0.326648784091,1.17629340425,0.990013943748,0.786724440924,-1.61252385457,0.515586355701,-0.126085312665,-0.251991724605,0.0285198581793,-0.432126058977,-0.494992687521,2.20822452114
3.22788920356,-0.889063763544,10.3382543531,3.67098080678,-1.1144117926,-67.2475914602,-41.9405527892,-0.0271560963226,0.0477226355937,-49.9947306434,36.057083444,35.8757505889,-5.50566791166,0.266824464686,-0.493310345562,-3.04106226483,6.75409875825,5.26150958426,2.15404454475,-0.111102493577,-34.9509577614,-26.5070867206,103.552005161,-27.0280567837,0.392354885759,-9.8565727546,-5.07469230379,0.76568215067,2.20385543264,128.329868243,1.65746322223,0.803996770019,-0.398375668539,1.15813026801,0.349372786038,0.733150093509,-0.0690500162973,1.27960687783,-0.118160637948,1.279905392,-0.591550753372,-0.173825399753,1.37826108378,0.590782722368,0.15673777703,0.55886225418,0.606329374551,0.0551151940372,-2.68121562911,-1.16209082081,-0.0425653848653,-2.52730294283,-0.386892869139,-0.458186296571,-0.592906291669,-1.35376863532,2.07533904431,-0.981052576888
-2.09174880878,2.37407526595,7.00125794246,-53.5396251166,-14.5310821604,-60.6228516937,-30.8464464612,-0.0673175325234,0.0847294537111,-41.8329217981,20.8866916589,20.8254359714,-1.37848276764,-4.43273924543,-3.92925178291,1.16266790231,3.23655574097,1.19866439969,2.89370547256,-0.210114973222,-27.6549708452,-13.2221354497,47.522185716,-36.9550788895,0.84966053709,-3.80971237637,1.74260823231,1.34137311025,-1.77761208141,1.65746322223,69.7515399646,-1.52957845696,0.978839265116,-0.370463566105,0.243495765691,0.377968019405,-0.120031138812,-0.325769381981,-0.270270729382,0.363592596831,1.02272201218,0.441047984496,0.660718895638,-0.350352232276,0.27025665079,-0.497743240966,-0.196987457702,-0.094940383349,1.12826891345,0.917964943787,0.183025318759,0.192627198519,-0.29102129933,0.326034561068,0.108226957499,1.02192536629,0.735162453738,3.24843890578
-5.85931819021,-0.265656675716,6.45561482645,-9.01608345808,-3.36254948984,-47.6979818074,-23.638874562,-0.016554484539,-0.0663220801687,-33.4765575137,18.5009404777,18.4938356975,1.33217325374,-5.21225503576,-4.43624683399,4.823677644,7.65608033294,11.9318071153,3.2654936598,-0.0881063164203,-21.4272202765,-15.5728203734,59.5644657625,-18.6955456977,0.327085628545,-2.12296647167,-0.296781748834,1.48832914616,0.593462555758,0.803996770019,-1.52957845696,62.3240864005,0.211863504427,0.619954733293,0.214821962714,0.679564215989,0.369807111652,-0.476668479875,-0.103879543481,-0.293845632326,0.00302473875533,0.622414150979,-0.0912812467845,-0.149231219433,0.437675925855,0.161991523131,0.0386849957031,0.248021906147,1.74020741436,0.676426697349,-0.926350516523,-0.478576181191,-0.512600777849,0.739717026522,-0.121237171292,-1.6590378421,0.160362540324,1.03060858388
5.16723888017,1.26493562655,0.640789970027,-0.92934794189,0.509069960723,0.612493661492,-4.52793481573,0.0121180674361,-0.0778871474733,-11.2393716931,8.78972897019,8.72501092324,-2.0608164926,2.9413382996,3.49415356241,-0.689816148209,3.1344983206,-20.1419893583,-4.1833531875,0.0393322038675,-3.00751121397,-11.5843092693,19.468461488,-18.2875315087,-0.136670215539,-6.05044745161,-4.11373464997,0.156190880062,-0.23860112913,-0.398375668539,0.978839265116,0.211863504427,33.0769227271,1.04212419105,2.56322842726,-1.17349213853,-0.817340838375,-0.777759607841,0.0446799665751,0.727016710859,0.58970073751,0.878669917521,-0.365005103312,0.803771008414,1.36099620667,-0.0850300720534,0.202719023553,-0.142679254788,-0.516267980876,0.562039148883,0.331056361255,-0.0308740250295,-1.51820187223,0.125958849704,0.0451038532525,0.0176430583969,0.290607557196,-0.253849305311
2.09987119426,1.08683598894,2.80687123831,5.72362613233,1.47706478404,0.331002047887,-12.3870860256,-0.00104315966924,0.0724233260777,-4.00001765448,4.73785097022,4.70691374964,-0.639832957717,-5.42708074308,2.70042616339,0.0995689037902,0.106172728675,-9.51291977187,-2.08507453103,0.0518959961681,-9.01405055446,7.26406726403,17.8622931184,-17.7466586196,-0.144317404685,-10.8922567406,-0.098392288275,1.7347165771,-0.903856984359,1.15813026801,-0.370463566105,0.619954733293,1.04212419105,25.5039654576,0.90553030946,0.289452217179,-0.450764833461,-1.25238223795,0.04416502133,-0.897945709279,1.22719800003,0.275125693627,0.892274784356,-0.171280130145,-0.101174479009,-0.599114080715,0.00663201148786,0.517911607814,-0.318018829949,0.678698632675,0.585961884323,-0.530871468614,-1.64212256009,0.227090056925,-0.12646090521,0.0650978185237,0.38067920737,1.00524063961
8.79363467482,0.100601347323,2.13433268479,6.47543234529,1.37208313178,5.5559022386,-12.2379778953,0.0268619028686,0.068422286035,-8.99597998923,1.36564396184,1.59351502533,2.22449061119,-11.4794983327,3.63836833211,-64.8964142315,-4.24446084753,-2.60566027974,-0.569105618269,-0.00351033654124,-8.67419865341,4.64825051935,-10.568153754,-4.88239512539,-0.0527920556761,5.96909408308,-0.394453263678,-0.822914988334,-0.367424164403,0.349372786038,0.243495765691,0.214821962714,2.56322842726,0.90553030946,59.4292904718,0.523303517978,-0.630232442815,-1.92154257975,0.0284463164367,-0.795093608576,0.773674993942,0.296185528103,0.912887689832,1.44097930786,-0.728104177801,1.56232002622,-0.0818662285303,0.0697137124194,0.723237516386,0.752849700295,1.74283575016,-1.97373177601,-1.53219354648,0.819592054186,-0.321690202506,0.299938398664,0.756672483752,-0.214668240954
-1.17668098452,-0.495665611794,-0.0936257589835,0.30363124327,0.0843525192399,-1.34661489514,-10.9140089272,0.0036523114503,-0.0717726330572,-11.9173560591,22.6880528269,22.5261553773,-7.04896454724,0.106402103518,-2.94287021703,-1.88894641254,1.91375166051,3.94851493434,0.663658602907,0.00226059226224,0.24296962008,-0.865406782196,2.36005884849,4.43111546445,-0.0150434942851,-2.33130349399,-1.54684771994,-1.09647956863,0.707906379686,0.733150093509,0.377968019405,0.679564215989,-1.17349213853,0.289452217179,0.523303517978,36.9448310822,0.519597326293,-1.63090367794,0.00129360127991,0.0377832925113,0.38481900702,-0.803536557263,-0.581469532234,-0.0337430846474,-0.478026685575,1.06742296216,-0.122484100249,0.925452666814,-0.620551101588,-0.520496247092,-0.550519852614,0.924544611184,0.952220711197,0.0299394751906,-0.0297847413383,-0.122447547625,0.244125745775,-0.164020067807
-2.36832920955,-1.15307928381,0.13942538041,2.96329710104,1.50759112955,0.175867559993,-10.009514529,0.0820292807562,-1.06517161959,-6.95283887874,20.6926749269,20.5668881342,-4.46388396085,1.68458769761,1.75993669136,2.30806201255,5.61419869267,11.3270165285,1.48306859921,0.0463702066964,0.0556523499901,-0.174301164458,-0.410295006237,7.52565358217,-0.195098604242,-3.59313210055,-2.29784985172,-0.635219939419,1.07044414749,-0.0690500162973,-0.120031138812,0.369807111652,-0.817340838375,-0.450764833461,-0.630232442815,0.519597326293,23.4012300796,0.241230267877,0.0532131072413,0.00102817245186,-0.472119171072,0.695239524628,-0.468423734323,0.372757146649,0.287078232365,1.86472112552,0.106112100452,-0.428539851445,0.80677931189,-0.624757779759,-0.176767899887,0.0181170550609,1.19790063046,-0.999700490105,-0.0275896222998,-0.243039922518,-0.383180685202,0.38990603209
-1.756540296,-0.437296049545,-0.447626546821,-1.98322635986,-0.431467267898,-0.551668423894,-0.732456948164,0.00747549765713,0.00872384456223,-5.99515397831,4.10610207236,4.11078712149,2.19228954236,0.796623150953,-0.834936459351,2.44163350278,-1.86408452339,4.39496507925,0.850350659154,-0.00221613793049,2.6684562694,-2.65467273759,4.93404268727,0.737154078082,0.0134629342752,2.76430429775,2.19790373749,-0.289466215224,0.920806807578,1.27960687783,-0.325769381981,-0.476668479875,-0.777759607841,-1.25238223795,-1.92154257975,-1.63090367794,0.241230267877,20.2914708591,-0.00834586293048,-0.702168605171,-0.658556496753,-0.13127673133,0.222063917391,-0.101913197635,-0.972515489291,0.118588827559,0.0916970973181,-0.45413715619,-0.554982482156,-0.509757966175,-0.702993931175,0.528049818117,-1.72077517148,-0.593510367305,-0.0758633114584,-1.09270815559,-0.860888801027,0.53261364503
1.16691905082,-0.101554580749,-0.160127130489,0.381299522046,1.22223785359,1.54165806705,0.506545716225,0.0203454018369,-0.0426808726988,1.38521182697,-0.952645069873,-0.952314273716,0.0150875285562,0.102193575532,0.299322041877,-0.259939406993,-0.273072795542,-1.31634444427,-1.05971505851,0.0630883880052,0.879777243071,1.27187453581,-1.57646208655,0.0555493533821,-0.255322502056,0.252380308398,0.103787437584,-0.405839375767,0.0172960830419,-0.118160637948,-0.270270729382,-0.103879543481,0.0446799665751,0.04416502133,0.0284463164367,0.00129360127991,0.0532131072413,-0.00834586293048,0.0851345374974,-0.0598044902525,0.0157376140585,-0.0363749070315,-0.0320729685686,0.0241228328926,0.00757742154643,0.0412342313428,0.00386436243097,0.0364034935779,0.0797402153315,0.0416215493027,-0.0187186479973,-0.0151828304111,-0.0344865551769,-0.042363043181,0.00744501460188,0.00167537017255,0.0140580591011,-0.0178057052653
3.54398322822,0.184878251396,0.67851312478,1.07747071551,-0.58528377196,0.778143186953,-12.3370922884,-0.0152464028276,-0.00935834292948,6.98713977707,20.6927615898,20.6073117616,-0.720835271394,-3.63002670836,-1.13253263272,-1.72272050768,-1.5521375466,-3.34280644796,-0.0658445532585,-0.0433872696968,-3.07253261307,1.3274662481,-2.73149729103,-1.25614303223,0.184645946951,-5.67528551262,-0.975292040067,0.862268196687,0.548498352536,1.279905392,0.363592596831,-0.293845632326,0.727016710859,-0.897945709279,-0.795093608576,0.0377832925113,0.00102817245186,-0.702168605171,-0.0598044902525,19.5120285674,0.115918947894,0.035098903674,0.484366031789,0.0265283129356,0.402454690966,0.834639758522,-0.0450332990612,0.589764872172,-0.304765320557,0.322505434698,0.3391763341,-1.16619601452,0.60661212267,0.11958063047,-0.00404848907102,-0.0320630466348,-0.348281576813,-0.207069954101
1.01438953437,-1.28287882646,1.54745983808,11.3182780439,2.40696523447,1.51673843247,-21.7220333911,-0.00558226308234,0.142249836058,-17.0739520259,27.6633939177,27.7439416891,1.80901385805,2.38855776341,0.0173352855293,0.0961217728531,-6.50253959972,-2.23791086882,-0.455608417677,0.0171795442063,-3.76860115275,2.29600523837,7.27123614634,-4.81565658585,-0.0457293197275,-3.58938143627,-1.11980745686,0.374962374256,0.791191301289,-0.591550753372,1.02272201218,0.00302473875533,0.58970073751,1.22719800003,0.773674993942,0.38481900702,-0.472119171072,-0.658556496753,0.0157376140585,0.115918947894,54.9667153468,-0.317963218014,0.728746594391,-0.48057963641,0.712430619511,-0.669849170345,-0.0686306323957,0.717974296968,-0.795370516411,0.933318849569,2.19213376679,0.0194038225474,0.300663599055,-0.842594098794,0.0205193498394,0.766966268473,-0.790083114856,-1.10977765775
1.57464947869,-0.467942280136,-0.958193345591,-2.91990889733,-1.07297807978,-0.834677327679,-5.08841960486,0.00228481258884,-0.262635780587,-7.03436564815,16.9194818494,16.7633390687,-8.4426651542,0.498186661026,-4.83449328016,0.508134282142,7.53778650355,4.27068620437,1.13691065004,-0.0228724733034,3.7574409337,-3.97822544538,-0.282226789886,4.0681797927,0.0966980045471,-9.54565430019,-1.726589526,-0.482751101941,0.353326525509,-0.173825399753,0.441047984496,0.622414150979,0.878669917521,0.275125693627,0.296185528103,-0.803536557263,0.695239524628,-0.13127673133,-0.0363749070315,0.035098903674,-0.317963218014,22.2282913349,1.71704990977,0.426499656612,-1.03462591817,1.28531680691,0.3198570539,0.0332152750224,-0.0353397524033,0.847059239161,-0.0117774056358,-0.890114106953,-0.362963714022,-0.0736051992647,0.0691149788605,-0.174643165222,-1.20173459307,0.904789079827
-0.303781823218,0.815835494283,-0.39265221311,-8.59749905772,-2.24638736438,-6.63696999661,-5.51358355186,0.00382283719419,-0.0566018713768,-12.3084514672,19.2759290976,19.2837889143,-2.37202739696,-2.24755088912,-3.62845469142,-1.43532537887,1.04336798189,7.47685288767,1.71679553126,-0.0274906912044,0.881691207607,0.695291487123,6.7981495614,-4.44255339102,0.0952290518584,-1.34986383858,-3.26092678883,2.28699161601,-0.209006612175,1.37826108378,0.660718895638,-0.0912812467845,-0.365005103312,0.892274784356,0.912887689832,-0.581469532234,-0.468423734323,0.222063917391,-0.0320729685686,0.484366031789,0.728746594391,1.71704990977,29.4023829415,0.166341425094,0.886247822009,1.52700282396,0.0298408179777,0.61898575501,0.118286084413,0.848850720563,0.583215757552,-0.86765372343,-0.581060209862,0.346595446775,-0.0116015102442,-0.771047849516,-0.483978586306,0.883776576385
-0.172501952304,0.600338988791,-1.6572183185,-10.4264721517,-1.79313542705,-2.22756878671,-0.426190262278,0.0114150741093,-0.0933659745694,3.26552435717,10.9270766367,10.8418977282,-3.57073868642,-2.460440575,-0.729302497845,-3.22285156697,1.62265709721,0.388084449274,-0.169055807735,0.0207750121551,4.82178761217,1.72686760679,-1.85006758622,-3.93863317704,-0.0830452674682,-1.4120130653,1.77029213964,0.392194544728,-0.68066500794,0.590782722368,-0.350352232276,-0.149231219433,0.803771008414,-0.171280130145,1.44097930786,-0.0337430846474,0.372757146649,-0.101913197635,0.0241228328926,0.0265283129356,-0.48057963641,0.426499656612,0.166341425094,19.1902427094,0.455915957311,-0.037757403441,0.0330932001668,-0.779774208521,0.300987211973,0.526225778893,-1.06415703433,0.00796334037148,-0.207482555315,0.207932430692,0.00270503317069,0.180165852436,0.48712981338,-0.410123365067
0.869629406099,0.132633875126,1.60442784526,4.31895114296,0.916173779307,2.74073949269,-7.73576697585,-0.016393836095,0.260050355708,-21.7983716394,20.4091968718,20.2945131164,-6.99049347583,0.00412580666068,-0.00135640474126,-2.03325151066,-1.28405064567,-8.56467200383,-1.63887367168,0.00190458973704,-5.91041079619,3.78796127677,-5.23469768608,0.511498079982,-0.00829468751239,2.02440004544,-4.2176236932,-2.02249668601,0.122971977176,0.15673777703,0.27025665079,0.437675925855,1.36099620667,-0.101174479009,-0.728104177801,-0.478026685575,0.287078232365,-0.972515489291,0.00757742154643,0.402454690966,0.712430619511,-1.03462591817,0.886247822009,0.455915957311,40.4679843741,0.0844412187724,-0.033521497594,-0.1475761995,0.847578722889,0.971717758697,-0.067190525213,0.203767103667,1.12883281345,0.379489650704,-0.0411969967037,0.914528735671,1.79777525735,0.098236982549
-0.929836252855,-0.177710994265,-0.306107575874,5.74830786811,1.79328863742,-0.287438727108,0.223215187613,0.0221939587951,-0.270131977618,-14.0894671652,20.4250657229,20.2849604976,-5.9592742755,-1.56181102753,0.182413291577,-1.80810352216,5.89798112585,5.48943763835,0.569251567868,0.0338077059356,1.81138405708,-0.442135167965,-2.66538022896,8.2965244132,-0.140649802132,-7.4953147876,-3.43671875513,-1.60161824767,0.530746164745,0.55886225418,-0.497743240966,0.161991523131,-0.0850300720534,-0.599114080715,1.56232002622,1.06742296216,1.86472112552,0.118588827559,0.0412342313428,0.834639758522,-0.669849170345,1.28531680691,1.52700282396,-0.037757403441,0.0844412187724,32.5142741315,0.142685362381,0.366539555992,0.0659701431953,0.247874020119,-0.665513194673,-0.0152743741449,0.720934368323,-0.501663706328,-0.0664884877499,-0.16947991355,-0.32825169227,-0.409615106306
