618.157684851,1.68090277041,-161.625783643,-650.240633383,-127.739988228,269.623296782,575.922471078,-0.0761386495356,1.18028584574,629.306706534,-311.218284148,-310.671987078,12.3983147058,-10.2590610749,-31.2980768693,-7.41592641027,-17.1905406363,-14.4402013955,-2.8642867268,0.00363706280349,498.189066715,81.4160736407,-547.114762273,-22.5170139599,-0.160063276859,-11.5120742304,-4.0406276013,7.183098797,-0.0916589589182,-0.621111336005,-1.2795780564,-2.2815466491,-2.63262381397,-4.39992797249,3.23830619604,-0.703765627901,-1.58485336548,2.00754623564,0.00438892983653,-2.19077849826,-0.254214760088,-0.503636441792,-5.96673969634,-1.21297980425,5.31227630276,0.474081789445,-0.329521655654,-0.303103760681,1.05616530678,0.491410244016,-0.802251627877,1.21799125629,4.7000245076,4.09656565215,6.76592762028,0.581062578922,-0.198643858917,1.19907682455
1.68090277041,99.4423954023,-5.21896890711,-38.7278125186,-7.65142465785,-31.5455367195,13.9769853651,0.00112285968905,-0.0876296793836,11.7788041866,-2.89211719085,-3.04022852491,-1.20989130036,2.14947155498,1.02278172671,1.68815432089,1.33605693965,17.6385508053,3.46779076843,-0.000294751447739,12.4186255995,-3.41092425672,30.9836419862,-18.7637603812,0.014975271925,3.06106232247,1.92273167912,1.72514561866,-67.6396700287,1.10350050154,0.936836432251,0.749483502288,0.461233836815,-0.838207653843,-0.482094037771,0.0975203881279,0.228420657815,0.837061845441,-0.000490922170588,0.0414770715505,-0.376101833811,-0.253020799429,0.412076250526,-0.907118539095,-0.707177091839,-0.0145075398272,0.104865566724,-0.441030035784,0.0500078632034,0.39796877468,-0.0495729401554,0.842878375788,0.363993179602,0.274803778132,0.231876055622,-0.86408888469,0.688259901469,1.1512069513
-161.625783643,-5.21896890711,573.565531917,2465.64095193,485.763774987,422.4999358,-2050.40566223,0.175752914193,-2.50344586798,-2134.22394694,986.85587659,986.316694781,-48.8557981397,-19.3241066515,69.2955754077,30.660697758,-29.7441636364,41.3533255358,10.4326201796,-0.00766562465088,-1778.80714606,-75.6555580829,228.625650661,789.505318,0.184732928823,-7.60635148356,2.10726057949,4.73171725281,-1.73931343019,-13.0046582476,15.3762235392,13.3115868903,6.69045465935,12.2168143264,-21.2401927461,-10.4909762672,5.30314755406,-0.19101947495,-0.0086856724945,-1.92918533029,-9.85629210967,-0.636295450838,5.84628508285,-1.450936541,-7.63183705922,3.57693658386,0.0645848656902,1.18035010011,-10.8279219626,-0.922876349083,3.34842894798,4.93771865825,-1.62668921596,-4.14240377645,-31.0140197251,6.04568537629,2.31674789484,-0.350037849469
-650.240633383,-38.7278125186,2465.64095193,12005.890403,2362.58862112,2167.3189789,-8745.56096841,0.837559890811,-12.0829707971,-9059.65207835,4281.01747177,4276.51319797,-239.532344605,-77.0940797597,300.484255678,127.897593803,-84.3334885442,278.487796306,63.9690571238,-0.0274389078684,-7593.62201966,-337.04358643,1025.70305503,4052.57788842,0.621187061656,-35.5722271357,-0.929716934018,-78.0707974676,4.2614033488,-81.5381375857,-33.7955820036,17.9270031734,30.5210924415,51.730256002,-85.7855328514,-43.8214917251,25.118714946,0.635589615019,-0.0299162967609,-6.57055622057,-40.329591286,-1.43524031545,23.6826263759,-4.26980824351,-32.2441750274,13.3416418938,-0.482925052356,6.50436613033,-44.8862281187,-2.78522784902,13.1046031577,22.9178565331,-3.32469113776,-17.4507181741,-136.791063463,21.2985811847,11.718400377,-2.245992939
-127.739988228,-7.65142465785,485.763774987,2362.58862112,467.224812926,426.664814605,-1725.26649639,0.156627089421,-2.25118800468,-1788.67245656,845.486740297,844.623359262,-48.1281194504,-15.2924272543,59.0884059244,25.2617070244,-16.2448471209,67.0165650621,15.0732860696,-0.003187823971,-1497.95034608,-69.4506967538,205.596513947,802.615990276,0.0334042912145,-6.83901003548,-0.19795907009,-15.2561018764,0.904505548141,-15.7281772192,-6.56293749479,3.52585436895,6.0738661138,10.3167874297,-16.9103295976,-8.5105981071,4.7971988556,0.0585230175359,-0.00299709172348,-1.35137899947,-7.55676551631,-0.322130840253,4.59180912235,-0.941041286678,-6.30333269442,2.60314369928,-0.0716587904009,1.28192383102,-8.7545017705,-0.549290609213,2.54007892783,4.28603872022,-0.393981571621,-3.41740158406,-26.9924535806,4.09297442192,2.40915743911,-0.361757537405
269.623296782,-31.5455367195,422.4999358,2167.3189789,426.664814605,884.10222174,-1490.39704977,0.138091503787,-2.03009974859,-1495.58185467,685.056979502,684.308755548,-35.5782953558,-27.1979976291,46.973625341,18.9442844883,-53.2752203133,28.9308214509,7.67003221544,-0.00175678035118,-1294.86863625,30.1518486828,-413.29264905,939.511551009,-0.0355521343447,-12.4282111562,-2.77400129948,-133.964185461,2.94597680499,-97.8236552255,-49.5141219648,-40.3822769332,6.27221637708,8.45724792656,-16.7243009179,-11.8336374239,4.88101863557,3.99096803986,-0.000990642745823,-4.47010578714,-6.09385779627,-0.763138120438,1.54279023102,-1.58445231291,-8.65647383668,4.95885153883,-0.111306948583,0.263015486005,-10.0124271122,0.156579191954,1.84538438163,5.60528525256,1.8627786198,-3.58121936825,-25.3897827106,6.4682255322,1.71579098299,-0.682381421498
575.922471078,13.9769853651,-2050.40566223,-8745.56096841,-1725.26649639,-1490.39704977,7519.51225869,-0.762566679953,10.8949351448,7694.81185941,-3612.96715607,-3610.14789988,217.539837119,61.0333359491,-264.844397718,-115.884707618,88.0803846931,-190.225552549,-45.4021341532,0.0251667901538,6423.58151462,229.761745637,-803.678408959,-2760.79328897,-0.585658136306,22.6164758074,-6.99021408446,-27.9477820385,8.52016315056,40.5413201513,-59.3160548248,-49.4249556283,-24.6125959771,-41.0078241614,73.9570932487,21.3216289259,-25.7222282328,-5.81013430443,0.026023020292,-0.532252110664,14.0315891152,-7.83440883669,-26.0009562946,-0.859684447631,26.236945004,-12.0981386336,-0.257903277956,-5.09013949954,34.810347082,3.18200430365,-10.6351501286,-14.4432971164,-13.4382913745,14.4105953925,111.053810738,-21.7612127239,-16.3715616978,0.361444013081
-0.0761386495356,0.00112285968905,0.175752914193,0.837559890811,0.156627089421,0.138091503787,-0.762566679953,0.0294985846112,-0.267964049494,-0.77101620347,0.488338676657,0.489605185493,-0.0436057525533,0.00227085157325,-0.0470551703696,0.0195603744148,0.0136106195554,0.600172819316,0.115959139473,-8.79797444081e-05,-0.54197009103,-0.0337161615559,0.303898916387,0.428397697932,0.00254067413715,0.0626048995959,-0.0100154924737,-0.0157628153917,-0.00735167028808,0.00137635233801,0.0112625815601,-0.00516253113237,0.0121343958463,-0.000652467361386,-0.0144106330663,-0.00491991348097,0.0476616117384,0.0022077549787,-9.79672605128e-05,0.000838778466978,-0.00161874172125,0.00908516337428,0.00202172366226,0.00821911890997,-0.0108068607853,0.00276847409479,-0.000197221914176,0.00521204561963,-0.00331235559873,-0.00137651888035,0.00208712450154,0.0140023780473,-0.0119667425061,-0.00459839907278,-0.0109026697134,-0.00748173904263,0.00232567427971,0.00251334686623
1.18028584574,-0.0876296793836,-2.50344586798,-12.0829707971,-2.25118800468,-2.03009974859,10.8949351448,-0.267964049494,3.42201640833,10.4124782904,-7.44793257374,-7.39491365932,0.969513235687,0.0131480140506,0.489114767123,-0.173085547088,-0.553845668402,-7.57487632041,-1.46021947656,0.000153505937226,7.6607899188,0.364526955314,-3.54359017898,-6.22231448471,-0.00353805777607,-0.527789472847,0.0701050367498,0.254818145063,0.176408737391,0.0464393401241,-0.090499632465,0.0744490226074,-0.177849445889,-0.01642811806,0.146419314145,0.0390207749626,-0.710174749645,0.108777647247,0.000222418476542,-0.0124820989219,-0.0140233974034,-0.0994972364961,-0.0402652521399,-0.134134952145,0.0907927484025,-0.0478243201021,0.00114455928404,-0.0664295055655,0.0335923373116,0.0302999142683,-0.0482836588432,-0.166081003231,0.140616045114,0.0634739279955,0.152500778276,0.0833922451854,0.00810134210859,-0.0488861008219
629.306706534,11.7788041866,-2134.22394694,-9059.65207835,-1788.67245656,-1495.58185467,7694.81185941,-0.77101620347,10.4124782904,8387.05456908,-3755.71771692,-3753.42620964,227.495042095,64.4374348121,-234.193534274,-133.945772018,56.9558157215,-241.050666729,-56.0907611166,0.0269908426202,6675.89091954,548.889190961,-953.93834503,-2963.81798675,-0.650824321072,15.3921215068,-7.51774307184,-46.4831031046,6.20156352543,23.5749720318,-66.2533707201,-58.8072789616,-28.430440184,-44.1689586904,75.9765941324,22.2785438815,-17.8653578667,-6.81702209783,0.0286713974015,17.3773680699,16.2246839969,-2.57729167021,-32.6641223287,1.78788209028,6.35572102353,-21.4839066019,-1.16095895704,0.420419796447,22.2407147544,-8.33823402354,-26.3082875943,-27.5255131735,-13.9154509621,7.21692030068,115.700027786,-29.6964807978,-21.3139602746,-5.84333612144
-311.218284148,-2.89211719085,986.85587659,4281.01747177,845.486740297,685.056979502,-3612.96715607,0.488338676657,-7.44793257374,-3755.71771692,2094.87958867,2090.93739024,-221.751191497,-21.3786235135,103.810675083,59.5860399853,43.5260145831,403.433146884,83.9081313144,-0.0132024124468,-3058.29932631,-342.156688527,495.214169567,1662.51583767,0.389829475648,-5.31258758589,-2.01700755255,27.5028443468,-4.03465848263,-4.13879677831,22.6219404467,27.9645436635,16.5523719868,20.5164570221,-32.9959566385,11.8065544423,28.2890132959,7.24820951051,-0.0132101199759,13.7677964877,12.9049728015,13.8092950678,22.4391170805,14.4692914144,7.81498128521,20.6586851597,0.0839963753288,10.6588533189,0.873825633183,9.92539245128,21.5636041569,21.0089715117,27.2456571226,1.7352729016,-55.2992595898,16.5923707553,6.93949418825,20.7139361491
-310.671987078,-3.04022852491,986.316694781,4276.51319797,844.623359262,684.308755548,-3610.14789988,0.489605185493,-7.39491365932,-3753.42620964,2090.93739024,2087.79389529,-220.134356366,-21.5521231733,103.573937468,59.5703829532,42.3937426815,401.54690554,83.5465819639,-0.0130991026023,-3056.70401306,-340.975351959,495.134970378,1658.92836112,0.387976007823,-5.25099396886,-1.9664240156,27.6441893173,-3.89311983506,-4.09972440956,22.7854598265,28.0190615942,16.495369478,20.5012346771,-33.0260880012,11.639100131,28.2792464946,7.30365983999,-0.0131038409212,13.7139106956,12.7205242021,13.7160158231,22.4081034014,14.3126198974,7.66242921779,20.556090183,0.0266137833088,10.6258654283,0.751167941969,9.85851813911,21.5063347578,20.9598815075,27.0978737432,1.72830397574,-55.248279856,16.5953837962,6.99345435581,20.5927525181
12.3983147058,-1.20989130036,-48.8557981397,-239.532344605,-48.1281194504,-35.5782953558,217.539837119,-0.0436057525533,0.969513235687,227.495042095,-221.751191497,-220.134356366,137.130170808,-1.14162592053,-8.51172525919,-7.17265801986,-71.1665930788,-97.9708271322,-19.4740383637,0.000917291137879,151.421038916,120.086687516,7.41263156123,-242.216210422,-0.0569140396508,-5.08652170981,2.91854624595,-4.30655275961,-0.510250487926,-6.36952615249,0.991937208936,-0.573792782523,-1.41424219803,-0.174942526385,0.169677456608,-9.90443050868,-2.41465131131,2.96026173162,-0.000228699885543,0.871832395615,-0.191564715318,-7.1789003674,-0.288917694795,-4.51866741478,-7.85756772314,-3.61651717248,-0.236788737868,-0.195468619781,-2.00699062055,-6.05576678641,-2.2074343332,-3.11995908231,-13.3597383208,-1.23700216136,3.6401948498,-4.97867888177,-0.37098448246,-8.75799745073
-10.2590610749,2.14947155498,-19.3241066515,-77.0940797597,-15.2924272543,-27.1979976291,61.0333359491,0.00227085157325,0.0131480140506,64.4374348121,-21.3786235135,-21.5521231733,-1.14162592053,371.755053138,-3.94033889851,-1.89887566295,2.86986395771,41.9834602551,8.17402085558,-0.00243349260236,54.5845791134,-3.9975688803,29.5996999786,-17.4573095346,0.0713187808672,18.1148905345,4.89430394451,3.36704398858,-0.298332430183,3.84515934433,-1.96471963113,-1.02690475324,-0.683740838859,0.207051773273,3.44308802598,2.29801374248,-0.244907913315,1.08137382049,-0.00317043032947,1.65793807759,-2.33376933239,0.581605271085,-1.26407746319,-1.54818394183,1.25753793392,3.46484209909,0.115415446761,-1.45230312018,0.184049305567,0.151898121612,1.51849641927,0.000507864918173,1.0451835725,-1.01785830086,0.934109589424,-1.97759466595,-2.31634654894,0.228476059855
-31.2980768693,1.02278172671,69.2955754077,300.484255678,59.0884059244,46.973625341,-264.844397718,-0.0470551703696,0.489114767123,-234.193534274,103.810675083,103.573937468,-8.51172525919,-3.94033889851,291.77801501,1.83739771532,-40.0139525913,-126.162802048,-24.9656069402,0.000181895445132,-225.414083286,54.5466435356,-239.843955029,62.8410757425,-0.0844032679469,-5.33937486524,3.84340174169,-1.55085642008,-0.648135813188,-0.496039117198,-1.66502991637,0.277414011683,1.57299775707,1.23011076321,-2.84580246902,0.23336790154,0.224238037222,0.379269412966,0.00390755359284,-1.42894331096,2.96138723883,0.9396511542,-0.460304863697,0.0749415711124,-0.066792617107,1.07992805428,0.238499055846,-1.68411477548,-0.37800852569,0.152392182927,1.0584738792,0.14791715371,3.24187909599,-0.893582759404,-4.49134405942,-1.39244300466,-1.5076655696,0.365867309708
-7.41592641027,1.68815432089,30.660697758,127.897593803,25.2617070244,18.9442844883,-115.884707618,0.0195603744148,-0.173085547088,-133.945772018,59.5860399853,59.5703829532,-7.17265801986,-1.89887566295,1.83739771532,156.133021778,74.2713254673,-30.4511356556,-5.92475504756,-0.000611443502571,-93.0343628964,-27.3874966723,31.2097788213,41.5425783366,0.000643982925995,2.41349983965,3.50819209182,1.84947042347,-1.81573104709,0.52246691692,-1.65522138426,5.7456832279,-0.363689608256,-0.118534527725,-55.0063868271,-0.178179000898,0.92295784779,-0.685632700475,-0.000389258459468,-1.29001177128,0.403388373613,-0.84787894235,0.601803645107,-4.66401854902,1.14872870866,-0.323317338468,0.206811741909,0.982548010816,-1.91763360406,-0.789965264262,0.199637395452,5.55783939015,-0.896841906688,-0.334776386954,-1.24916910527,0.465342806504,0.336396418373,14.0031811895
-17.1905406363,1.33605693965,-29.7441636364,-84.3334885442,-16.2448471209,-53.2752203133,88.0803846931,0.0136106195554,-0.553845668402,56.9558157215,43.5260145831,42.3937426815,-71.1665930788,2.86986395771,-40.0139525913,74.2713254673,213.319858149,114.174979457,22.6709559727,0.00403958638525,109.876016942,-132.458579346,-5.65066135651,206.923735046,-0.0997477215716,1.71813965086,-2.06892973343,11.8396249005,0.352267407097,11.450766028,-2.33038004241,7.71638270843,-0.018116308433,1.38662873493,-1.0903712614,2.60584176379,1.44613225034,-3.1395490038,0.00431457010645,-0.149156196725,-3.94386370138,3.22225960832,-0.382741850642,-0.271576550253,3.42234068196,2.83483424401,1.90726276566,0.442662320485,2.09586071644,2.27692068316,2.96579967187,6.09065787339,4.33820312896,1.35898667042,1.28012051671,5.97667755854,1.47731552554,19.7589212637
-14.4402013955,17.6385508053,41.3533255358,278.487796306,67.0165650621,28.9308214509,-190.225552549,0.600172819316,-7.57487632041,-241.050666729,403.433146884,401.54690554,-97.9708271322,41.9834602551,-126.162802048,-30.4511356556,114.174979457,2487.1976653,493.239780514,-0.0222256222732,-126.124226777,-394.723338979,685.018549305,1238.25354317,0.881124575694,21.8862010428,9.85228042712,12.7003634171,-4.58509693351,24.4509583538,-16.6510398553,-3.07038072294,-5.37452877784,-6.14490792496,15.4769204067,18.7633004653,-4.98764976605,-3.42953906984,-0.0203073117781,1.15547961456,10.7287709489,-0.333592817696,-0.249440477511,2.06745445702,6.56678109369,-5.97302591492,3.38819794121,0.481420838662,24.741962039,-0.154338230969,0.476051284017,-12.2833119108,33.5774938056,14.4155701308,-9.53738580086,-9.8143749076,0.919516731663,12.1500307988
-2.8642867268,3.46779076843,10.4326201796,63.9690571238,15.0732860696,7.67003221544,-45.4021341532,0.115959139473,-1.46021947656,-56.0907611166,83.9081313144,83.5465819639,-19.4740383637,8.17402085558,-24.9656069402,-5.92475504756,22.6709559727,493.239780514,98.4621740336,-0.00406355908785,-31.7078314696,-78.9633404624,136.412370308,249.144613566,0.162535376822,4.42935199939,1.84949934978,2.55500779187,-0.859143953052,4.97752920859,-3.37780842664,-0.467718006768,-0.997363506509,-1.11212820432,3.07134415083,3.73093898818,-0.969654445809,-0.71804090714,-0.00355194726143,0.217459030248,2.0956513957,-0.0581832993671,-0.00491537905822,0.385100370166,1.38217480124,-1.14015325994,0.677426087965,0.121593544401,4.89564139349,-0.0589936329953,0.144599782725,-2.45033428238,6.72230530274,2.89183161565,-2.02464781414,-1.93221002232,0.224381981548,2.39020621332
0.00363706280349,-0.000294751447739,-0.00766562465088,-0.0274389078684,-0.003187823971,-0.00175678035118,0.0251667901538,-8.79797444081e-05,0.000153505937226,0.0269908426202,-0.0132024124468,-0.0130991026023,0.000917291137879,-0.00243349260236,0.000181895445132,-0.000611443502571,0.00403958638525,-0.0222256222732,-0.00406355908785,0.00103551007872,0.0183325146641,0.00778798091857,-0.00848644681814,-0.00891559319699,-0.0283870833644,0.0018861285978,0.000681360163998,-0.000605595424048,0.00123358561064,0.00215428364686,-0.00253721783025,-0.000104680477659,0.000971733851944,0.000873738576611,0.000933325491126,0.000316564596035,-0.000332130883172,-0.00161217380124,0.00104888071792,8.73374899582e-05,-0.00106359014081,-0.000672303614935,-0.000365849893127,-0.000285438527622,-0.000301717894494,-0.00112527398218,1.57907756716e-05,0.000307876541674,-0.000728586751677,9.12911973482e-05,0.00292985286515,-1.07743422724e-05,-0.000313854211892,0.000256350585668,0.00050704015764,0.000132466969034,0.000705314254202,-0.00090799784524
498.189066715,12.4186255995,-1778.80714606,-7593.62201966,-1497.95034608,-1294.86863625,6423.58151462,-0.54197009103,7.6607899188,6675.89091954,-3058.29932631,-3056.70401306,151.421038916,54.5845791134,-225.414083286,-93.0343628964,109.876016942,-126.124226777,-31.7078314696,0.0183325146641,5560.41251927,211.999236969,-717.408010157,-2380.89982874,-0.385045289908,19.7899302773,-7.13677787881,-23.0585425132,6.53944575556,33.9909383431,-51.0567014823,-42.5372487256,-21.2944400615,-35.4143187295,63.5403220126,29.5289552862,-14.4086867515,0.718738698815,0.0185649310206,5.81710821376,28.2823682742,1.8235035158,-17.7365247556,4.45755304382,22.0789884657,-10.1117820218,-0.0519163441516,-3.82831095978,31.1798269161,2.69421769977,-9.15163157521,-13.2856332941,-8.21784148531,11.8198554232,96.3144769948,-18.3584178299,-12.8615129459,0.590843469637
81.4160736407,-3.41092425672,-75.6555580829,-337.04358643,-69.4506967538,30.1518486828,229.761745637,-0.0337161615559,0.364526955314,548.889190961,-342.156688527,-340.975351959,120.086687516,-3.9975688803,54.5466435356,-27.3874966723,-132.458579346,-394.723338979,-78.9633404624,0.00778798091857,211.999236969,539.183123221,-245.821151567,-538.164294975,-0.325730259875,-9.50135335696,7.28539018649,-30.8640236008,-3.23521294458,-33.1656449862,-2.15015838473,-9.72420657294,-11.6548453372,-5.23658531911,-0.303969709086,-3.64359129433,2.5118138328,2.78698414924,0.00876626716662,-0.599991770855,-4.59811293504,3.05406628776,1.86483662916,1.60050636955,-0.107818305344,6.45916343052,0.297187399544,-1.60446742803,-0.0469092223964,0.889404503147,0.446195057645,2.35170925997,-22.478030761,-16.5108278958,6.12184443338,-13.2778546872,-4.43855926783,-29.29202552
-547.114762273,30.9836419862,228.625650661,1025.70305503,205.596513947,-413.29264905,-803.678408959,0.303898916387,-3.54359017898,-953.93834503,495.214169567,495.134970378,7.41263156123,29.5996999786,-239.843955029,31.2097788213,-5.65066135651,685.018549305,136.412370308,-0.00848644681814,-717.408010157,-245.821151567,1409.99598987,171.936431851,0.386024892173,17.7821009753,2.83803939573,154.030019126,-4.12391308732,124.013803206,38.0509274725,52.6105183794,28.0603073622,21.4415368746,-2.6972917148,4.6106809454,-1.79388827343,-3.12199017049,-0.0111711335811,7.32610113606,-0.828282475665,-4.41747272454,7.40722734995,-1.58160318317,-0.521721143185,-8.38511062737,-1.3860883567,3.88999631321,2.3813941994,-4.3893087495,-1.65995553648,-2.85944519429,-5.72327961666,-0.402535765467,-11.1452758597,-9.43358522089,1.68719423751,-5.29651841222
-22.5170139599,-18.7637603812,789.505318,4052.57788842,802.615990276,939.511551009,-2760.79328897,0.428397697932,-6.22231448471,-2963.81798675,1662.51583767,1658.92836112,-242.216210422,-17.4573095346,62.8410757425,41.5425783366,206.923735046,1238.25354317,249.144613566,-0.00891559319699,-2380.89982874,-538.164294975,171.936431851,2596.08018265,0.262365058854,-4.86202524536,-9.89548456671,-76.0385910806,3.85310907802,-53.8202492502,-41.8344336256,-17.4400167989,-1.09638613822,9.55900482828,-25.0557284336,-6.3920623206,7.41100548288,-1.05258635738,-0.00704909623433,-4.3127604963,-7.72940920412,-0.0258741427163,3.40637518852,-1.17458606707,-9.12638679464,3.38603889727,2.14467599112,0.916229654074,-7.0352297084,0.239059884188,5.18719586403,3.38692098018,57.346755924,19.5045313403,-49.6051465984,33.970162888,18.5192461114,65.1418511253
-0.160063276859,0.014975271925,0.184732928823,0.621187061656,0.0334042912145,-0.0355521343447,-0.585658136306,0.00254067413715,-0.00353805777607,-0.650824321072,0.389829475648,0.387976007823,-0.0569140396508,0.0713187808672,-0.0844032679469,0.000643982925995,-0.0997477215716,0.881124575694,0.162535376822,-0.0283870833644,-0.385045289908,-0.325730259875,0.386024892173,0.262365058854,0.99608457102,-0.104145573775,-0.0129481077474,0.0244304332277,-0.0489705313581,-0.0772981973958,0.0907618225215,0.00654353585207,-0.028704234335,-0.0212351039398,-0.0230656274603,-0.00619283890254,0.00617530581495,0.0473426797861,-0.036215708493,-0.00198847503127,0.0405223719881,0.0209920900095,0.011717154404,0.0155341795925,0.0114999625242,0.0321930499956,0.000721526585298,-0.0115858241779,0.0261540125544,-0.009576856437,-0.0984225569825,-0.00117842619968,0.0133882589323,-0.00855599212148,-0.012765848662,-0.0054783949347,-0.0256996992791,0.0364336424835
-11.5120742304,3.06106232247,-7.60635148356,-35.5722271357,-6.83901003548,-12.4282111562,22.6164758074,0.0626048995959,-0.527789472847,15.3921215068,-5.31258758589,-5.25099396886,-5.08652170981,18.1148905345,-5.33937486524,2.41349983965,1.71813965086,21.8862010428,4.42935199939,0.0018861285978,19.7899302773,-9.50135335696,17.7821009753,-4.86202524536,-0.104145573775,663.513840034,1.47210196686,-2.34880887829,-1.45797899778,0.144707239215,-0.792184411372,-1.59860021793,0.298258001721,-0.878237732527,-1.98497271251,0.236082004921,0.43961376866,-0.544132495221,0.0032274704289,-0.920660411178,0.685944179237,1.55297832727,-1.48291628797,-1.21267323305,-0.715763330318,0.108805124804,-0.0430643064633,-2.8371703198,2.98118903958,1.07322562365,2.64767051651,-0.671839569454,-0.196804722983,-2.4309532563,0.126267447198,-0.0401717792735,-2.11120648464,-2.61828457274
-4.0406276013,1.92273167912,2.10726057949,-0.929716934018,-0.19795907009,-2.77400129948,-6.99021408446,-0.0100154924737,0.0701050367498,-7.51774307184,-2.01700755255,-1.9664240156,2.91854624595,4.89430394451,3.84340174169,3.50819209182,-2.06892973343,9.85228042712,1.84949934978,0.000681360163998,-7.13677787881,7.28539018649,2.83803939573,-9.89548456671,-0.0129481077474,1.47210196686,190.120830496,-0.258329442699,-1.55942216494,-1.24356993284,2.09810141998,-1.82381808573,-1.19424189769,2.52613672186,-2.92876485485,0.70992452991,-1.61184553243,-0.00590225668617,0.00092157436306,-0.992974680327,-0.0162517994467,0.683866761781,-1.36825308753,-0.17659839299,-0.380148690909,-0.888526519643,0.245671440537,0.0388315498587,1.80824924746,1.47622590844,1.79168190668,0.201821851317,-1.43704702773,-1.25392509605,0.113929862604,-1.92484365071,-2.4115110763,-2.37159884826
7.183098797,1.72514561866,4.73171725281,-78.0707974676,-15.2561018764,-133.964185461,-27.9477820385,-0.0157628153917,0.254818145063,-46.4831031046,27.5028443468,27.6441893173,-4.30655275961,3.36704398858,-1.55085642008,1.84947042347,11.8396249005,12.7003634171,2.55500779187,-0.000605595424048,-23.0585425132,-30.8640236008,154.030019126,-76.0385910806,0.0244304332277,-2.34880887829,-0.258329442699,195.223291432,-0.723757281838,6.37438024827,-2.50474263471,2.25229454053,-0.711260092207,0.838113149455,-0.604050321752,1.33384698356,-0.0376305118699,-1.63332526507,-0.00119547356055,1.68263024454,-2.01116151891,-0.612328952881,-0.0527751141303,0.689347448131,3.03452167817,0.379810774157,-0.122648973042,1.01374473789,-1.72520509291,-0.288500030592,0.66845871771,-0.359839053413,1.09213484188,1.09396526582,0.276502897087,0.540258917504,1.35821742883,-0.537706069481
-0.0916589589182,-67.6396700287,-1.73931343019,4.2614033488,0.904505548141,2.94597680499,8.52016315056,-0.00735167028808,0.176408737391,6.20156352543,-4.03465848263,-3.89311983506,-0.510250487926,-0.298332430183,-0.648135813188,-1.81573104709,0.352267407097,-4.58509693351,-0.859143953052,0.00123358561064,6.53944575556,-3.23521294458,-4.12391308732,3.85310907802,-0.0489705313581,-1.45797899778,-1.55942216494,-0.723757281838,64.941264116,0.433520897335,-0.828810660359,-0.935209845009,-0.647204645271,0.414137078043,0.210531627246,-0.262705335581,-1.13919317869,-0.619763108146,0.00156567063951,0.361642824543,-0.290184639398,0.364693225643,0.0721493598971,0.580631490963,1.2755629857,-0.469970015393,-0.0350420203219,0.507500022138,0.481998690198,-0.477388544864,0.251456696239,-0.600527379581,0.420573423072,0.525023787483,0.0372577385828,0.135855056014,-0.0704715539998,-0.610306593013
-0.621111336005,1.10350050154,-13.0046582476,-81.5381375857,-15.7281772192,-97.8236552255,40.5413201513,0.00137635233801,0.0464393401241,23.5749720318,-4.13879677831,-4.09972440956,-6.36952615249,3.84515934433,-0.496039117198,0.52246691692,11.450766028,24.4509583538,4.97752920859,0.00215428364686,33.9909383431,-33.1656449862,124.013803206,-53.8202492502,-0.0772981973958,0.144707239215,-1.24356993284,6.37438024827,0.433520897335,135.929473907,-0.881199101978,-0.0866099716568,-0.630720262527,-0.387470933457,1.10000116026,0.755977062744,-0.39654226149,-1.65799061533,0.00266457714101,1.85667040909,-1.3194666417,-0.841215116545,-0.662980225239,-1.09620424317,1.97068552995,-2.13619906804,-0.332079269026,0.540175927058,1.64573971072,-1.08557715658,0.645890889111,0.624309927047,1.12583402271,0.399008037312,0.561885453605,-0.410742171234,0.993248075965,1.77338749413
-1.2795780564,0.936836432251,15.3762235392,-33.7955820036,-6.56293749479,-49.5141219648,-59.3160548248,0.0112625815601,-0.090499632465,-66.2533707201,22.6219404467,22.7854598265,0.991937208936,-1.96471963113,-1.66502991637,-1.65522138426,-2.33038004241,-16.6510398553,-3.37780842664,-0.00253721783025,-51.0567014823,-2.15015838473,38.0509274725,-41.8344336256,0.0907618225215,-0.792184411372,2.09810141998,-2.50474263471,-0.828810660359,-0.881199101978,70.5804313391,-0.506679315903,-0.66111822712,0.719534114615,0.162835851899,-0.479335792499,0.0627476835941,-0.106260099187,-0.00331748155368,-1.02891853483,0.211720780254,0.702642535059,-0.239775837133,-0.373248466551,0.111434094489,0.691679029194,0.131730276212,-0.543620175052,0.560993939456,-0.0864724084693,-0.101592783374,-0.143751917069,-0.729322490883,-0.223215148307,-0.50814281624,-0.161678730693,-0.828397786359,-0.285955711856
-2.2815466491,0.749483502288,13.3115868903,17.9270031734,3.52585436895,-40.3822769332,-49.4249556283,-0.00516253113237,0.0744490226074,-58.8072789616,27.9645436635,28.0190615942,-0.573792782523,-1.02690475324,0.277414011683,5.7456832279,7.71638270843,-3.07038072294,-0.467718006768,-0.000104680477659,-42.5372487256,-9.72420657294,52.6105183794,-17.4400167989,0.00654353585207,-1.59860021793,-1.82381808573,2.25229454053,-0.935209845009,-0.0866099716568,-0.506679315903,64.317096897,0.213785921775,-0.382322226806,0.0974890649827,1.00118987262,-0.153335578901,0.0878101769175,-0.000267659485942,-0.111341081286,0.0526163925482,-0.191414614764,0.777489193528,1.13793707114,0.11362836399,-0.0955814438738,0.0930767863558,0.314508832571,0.94188684204,0.328267425309,0.562535618322,0.131736220678,-1.03926386499,0.671391601781,-0.372699066947,0.24496223022,-1.05902044352,0.196242945688
-2.63262381397,0.461233836815,6.69045465935,30.5210924415,6.0738661138,6.27221637708,-24.6125959771,0.0121343958463,-0.177849445889,-28.430440184,16.5523719868,16.495369478,-1.41424219803,-0.683740838859,1.57299775707,-0.363689608256,-0.018116308433,-5.37452877784,-0.997363506509,0.000971733851944,-21.2944400615,-11.6548453372,28.0603073622,-1.09638613822,-0.028704234335,0.298258001721,-1.19424189769,-0.711260092207,-0.647204645271,-0.630720262527,-0.66111822712,0.213785921775,29.9470640609,0.555412341451,0.715810264318,-0.416841637803,0.0811398800973,-0.258328058917,0.00134349718859,0.185412120339,0.180633978383,-0.88662779792,0.752058989593,-0.384617177449,0.103680598219,-0.392244216185,-0.117753132233,-0.251853898845,-1.0583512251,-0.0381668984061,-0.657405632678,0.526562990256,0.384212123313,-0.5303759707,-0.3113826206,0.553088618244,0.202825392246,0.348079981133
-4.39992797249,-0.838207653843,12.2168143264,51.730256002,10.3167874297,8.45724792656,-41.0078241614,-0.000652467361386,-0.01642811806,-44.1689586904,20.5164570221,20.5012346771,-0.174942526385,0.207051773273,1.23011076321,-0.118534527725,1.38662873493,-6.14490792496,-1.11212820432,0.000873738576611,-35.4143187295,-5.23658531911,21.4415368746,9.55900482828,-0.0212351039398,-0.878237732527,2.52613672186,0.838113149455,0.414137078043,-0.387470933457,0.719534114615,-0.382322226806,0.555412341451,21.6662435781,-0.312329400832,-0.344357319174,-0.279845713236,-0.1679863994,0.000906276521702,0.364214791533,-0.0244231216389,0.438527455884,-0.177039961514,0.299438997389,-0.306104207175,-0.0212638964315,-0.0612706551069,0.235698218532,-0.884231739891,-0.386395938369,0.308920361916,0.175297678488,-0.396927195789,0.00297214089105,-0.572802246127,0.245530455885,0.613273162044,0.206323797492
3.23830619604,-0.482094037771,-21.2401927461,-85.7855328514,-16.9103295976,-16.7243009179,73.9570932487,-0.0144106330663,0.146419314145,75.9765941324,-32.9959566385,-33.0260880012,0.169677456608,3.44308802598,-2.84580246902,-55.0063868271,-1.0903712614,15.4769204067,3.07134415083,0.000933325491126,63.5403220126,-0.303969709086,-2.6972917148,-25.0557284336,-0.0230656274603,-1.98497271251,-2.92876485485,-0.604050321752,0.210531627246,1.10000116026,0.162835851899,0.0974890649827,0.715810264318,-0.312329400832,47.4200451726,1.09225171575,-0.921978835463,0.597520929175,0.00101386174208,1.06360478175,-0.769549672239,0.762887522131,-0.54182480193,0.687412036723,0.0654161212693,-0.51984856578,-0.124863974697,-0.347414845578,1.21839773706,0.503798017166,-0.152840792854,-0.394454668253,0.964245184952,-0.0651662779562,0.90297889264,-0.720682831465,0.167667071836,-1.22480264273
-0.703765627901,0.0975203881279,-10.4909762672,-43.8214917251,-8.5105981071,-11.8336374239,21.3216289259,-0.00491991348097,0.0390207749626,22.2785438815,11.8065544423,11.639100131,-9.90443050868,2.29801374248,0.23336790154,-0.178179000898,2.60584176379,18.7633004653,3.73093898818,0.000316564596035,29.5289552862,-3.64359129433,4.6106809454,-6.3920623206,-0.00619283890254,0.236082004921,0.70992452991,1.33384698356,-0.262705335581,0.755977062744,-0.479335792499,1.00118987262,-0.416841637803,-0.344357319174,1.09225171575,38.631860871,0.0850207470158,-0.186817955742,0.000475470299086,0.639966956012,-0.740408358055,0.342843475279,-0.111691689801,-0.420563808631,1.02060270624,0.355457568347,-0.0963608648113,0.320486857173,-0.0302031582068,0.0786755375957,-0.131976054716,0.735406380882,0.740924264184,0.445742747399,0.383144595578,0.344983382064,0.514607562367,1.35292541047
-1.58485336548,0.228420657815,5.30314755406,25.118714946,4.7971988556,4.88101863557,-25.7222282328,0.0476616117384,-0.710174749645,-17.8653578667,28.2890132959,28.2792464946,-2.41465131131,-0.244907913315,0.224238037222,0.92295784779,1.44613225034,-4.98764976605,-0.969654445809,-0.000332130883172,-14.4086867515,2.5118138328,-1.79388827343,7.41100548288,0.00617530581495,0.43961376866,-1.61184553243,-0.0376305118699,-1.13919317869,-0.39654226149,0.0627476835941,-0.153335578901,0.0811398800973,-0.279845713236,-0.921978835463,0.0850207470158,24.6226383434,0.202222071496,-0.000398725730524,-0.0474826037249,-0.195226343681,-0.29559603398,-0.0772132391134,0.626622463532,-0.404943343824,0.132140703385,0.015077907207,-0.00290775221415,-0.250841276748,0.0783898791547,0.252784916357,0.100964883186,-1.50802524288,-0.0589088002157,-0.366167525178,0.129109646003,0.463916638015,-0.492424846629
2.00754623564,0.837061845441,-0.19101947495,0.635589615019,0.0585230175359,3.99096803986,-5.81013430443,0.0022077549787,0.108777647247,-6.81702209783,7.24820951051,7.30365983999,2.96026173162,1.08137382049,0.379269412966,-0.685632700475,-3.1395490038,-3.42953906984,-0.71804090714,-0.00161217380124,0.718738698815,2.78698414924,-3.12199017049,-1.05258635738,0.0473426797861,-0.544132495221,-0.00590225668617,-1.63332526507,-0.619763108146,-1.65799061533,-0.106260099187,0.0878101769175,-0.258328058917,-0.1679863994,0.597520929175,-0.186817955742,0.202222071496,20.2000888235,-0.00196956534473,0.102067519197,1.07992248105,0.193746551804,0.421149012129,0.34749770923,-0.628597146586,-0.111505661012,0.0132924076994,-0.155443020077,0.670136354909,0.106422103942,0.348487148524,0.0676936720954,0.138486532889,-0.248518056692,0.0744848827166,-0.0519507457751,-0.249896432493,-0.0627969179941
0.00438892983653,-0.000490922170588,-0.0086856724945,-0.0299162967609,-0.00299709172348,-0.000990642745823,0.026023020292,-9.79672605128e-05,0.000222418476542,0.0286713974015,-0.0132101199759,-0.0131038409212,-0.000228699885543,-0.00317043032947,0.00390755359284,-0.000389258459468,0.00431457010645,-0.0203073117781,-0.00355194726143,0.00104888071792,0.0185649310206,0.00876626716662,-0.0111711335811,-0.00704909623433,-0.036215708493,0.0032274704289,0.00092157436306,-0.00119547356055,0.00156567063951,0.00266457714101,-0.00331748155368,-0.000267659485942,0.00134349718859,0.000906276521702,0.00101386174208,0.000475470299086,-0.000398725730524,-0.00196956534473,0.00144229143125,6.65427369257e-05,-0.00124511052004,-0.000882560839296,-0.000501616668582,-0.000418668125627,-0.000436638076738,-0.00136767537546,2.86411517622e-06,0.000404415127732,-0.000951120883093,0.00012462009631,0.00379110193582,-0.000217018729344,-0.000177238509574,0.000288193378223,0.000552177922197,0.000105818035982,0.000883856448709,-0.00123242458543
-2.19077849826,0.0414770715505,-1.92918533029,-6.57055622057,-1.35137899947,-4.47010578714,-0.532252110664,0.000838778466978,-0.0124820989219,17.3773680699,13.7677964877,13.7139106956,0.871832395615,1.65793807759,-1.42894331096,-1.29001177128,-0.149156196725,1.15547961456,0.217459030248,8.73374899582e-05,5.81710821376,-0.599991770855,7.32610113606,-4.3127604963,-0.00198847503127,-0.920660411178,-0.992974680327,1.68263024454,0.361642824543,1.85667040909,-1.02891853483,-0.111341081286,0.185412120339,0.364214791533,1.06360478175,0.639966956012,-0.0474826037249,0.102067519197,6.65427369257e-05,18.9367912824,-0.074453032537,0.0132854229164,-0.751071459851,-0.148968476803,0.136451421762,-0.363068531152,-0.0162784027545,0.542768543997,-0.0121504874535,-0.0677975475338,-0.0581199235136,0.104952224101,0.0516738598503,0.429210457706,0.0802986112484,0.0363620126713,0.343366453785,-0.0352637800529
-0.254214760088,-0.376101833811,-9.85629210967,-40.329591286,-7.55676551631,-6.09385779627,14.0315891152,-0.00161874172125,-0.0140233974034,16.2246839969,12.9049728015,12.7205242021,-0.191564715318,-2.33376933239,2.96138723883,0.403388373613,-3.94386370138,10.7287709489,2.0956513957,-0.00106359014081,28.2823682742,-4.59811293504,-0.828282475665,-7.72940920412,0.0405223719881,0.685944179237,-0.0162517994467,-2.01116151891,-0.290184639398,-1.3194666417,0.211720780254,0.0526163925482,0.180633978383,-0.0244231216389,-0.769549672239,-0.740408358055,-0.195226343681,1.07992248105,-0.00124511052004,-0.074453032537,55.0286839049,0.756866289537,-0.602879315692,0.479322672131,-0.797659561541,0.907516969535,-0.017839657378,-0.0166133138853,0.586122617396,0.2636864312,0.0906975931328,-0.0939649403445,1.87801250944,-0.276797824875,0.685674437679,0.515601047867,-1.06942304731,0.984707320213
-0.503636441792,-0.253020799429,-0.636295450838,-1.43524031545,-0.322130840253,-0.763138120438,-7.83440883669,0.00908516337428,-0.0994972364961,-2.57729167021,13.8092950678,13.7160158231,-7.1789003674,0.581605271085,0.9396511542,-0.84787894235,3.22225960832,-0.333592817696,-0.0581832993671,-0.000672303614935,1.8235035158,3.05406628776,-4.41747272454,-0.0258741427163,0.0209920900095,1.55297832727,0.683866761781,-0.612328952881,0.364693225643,-0.841215116545,0.702642535059,-0.191414614764,-0.88662779792,0.438527455884,0.762887522131,0.342843475279,-0.29559603398,0.193746551804,-0.000882560839296,0.0132854229164,0.756866289537,22.1767092851,0.638868597795,-0.123992250061,-0.318678975896,0.22313402777,0.133604580443,0.0951062832454,0.00430670845307,-0.434441633342,-0.502470349465,0.133268830008,-0.116794950714,-0.233350597297,-0.0200518566117,-0.0915739139196,0.492487444707,-0.711158520752
-5.96673969634,0.412076250526,5.84628508285,23.6826263759,4.59180912235,1.54279023102,-26.0009562946,0.00202172366226,-0.0402652521399,-32.6641223287,22.4391170805,22.4081034014,-0.288917694795,-1.26407746319,-0.460304863697,0.601803645107,-0.382741850642,-0.249440477511,-0.00491537905822,-0.000365849893127,-17.7365247556,1.86483662916,7.40722734995,3.40637518852,0.011717154404,-1.48291628797,-1.36825308753,-0.0527751141303,0.0721493598971,-0.662980225239,-0.239775837133,0.777489193528,0.752058989593,-0.177039961514,-0.54182480193,-0.111691689801,-0.0772132391134,0.421149012129,-0.000501616668582,-0.751071459851,-0.602879315692,0.638868597795,28.3549225727,-0.336667700819,-0.0522710386158,0.198824076407,-0.0177471560437,0.144565962367,0.663646914388,0.274881881119,-0.144164046809,0.195506214602,0.828219852983,-0.372823772356,-0.176636692085,-0.549688735827,-0.454649099825,0.068541636863
-1.21297980425,-0.907118539095,-1.450936541,-4.26980824351,-0.941041286678,-1.58445231291,-0.859684447631,0.00821911890997,-0.134134952145,1.78788209028,14.4692914144,14.3126198974,-4.51866741478,-1.54818394183,0.0749415711124,-4.66401854902,-0.271576550253,2.06745445702,0.385100370166,-0.000285438527622,4.45755304382,1.60050636955,-1.58160318317,-1.17458606707,0.0155341795925,-1.21267323305,-0.17659839299,0.689347448131,0.580631490963,-1.09620424317,-0.373248466551,1.13793707114,-0.384617177449,0.299438997389,0.687412036723,-0.420563808631,0.626622463532,0.34749770923,-0.000418668125627,-0.148968476803,0.479322672131,-0.123992250061,-0.336667700819,19.8693856173,-0.0159923568374,0.569870138874,0.168649189182,-0.0304793175854,0.343215441551,0.51166184917,0.601440026685,0.475122777415,-0.556672879627,0.456481855625,0.00746162624151,0.0069015026649,-0.450449688564,-0.487518087535
5.31227630276,-0.707177091839,-7.63183705922,-32.2441750274,-6.30333269442,-8.65647383668,26.236945004,-0.0108068607853,0.0907927484025,6.35572102353,7.81498128521,7.66242921779,-7.85756772314,1.25753793392,-0.066792617107,1.14872870866,3.42234068196,6.56678109369,1.38217480124,-0.000301717894494,22.0789884657,-0.107818305344,-0.521721143185,-9.12638679464,0.0114999625242,-0.715763330318,-0.380148690909,3.03452167817,1.2755629857,1.97068552995,0.111434094489,0.11362836399,0.103680598219,-0.306104207175,0.0654161212693,1.02060270624,-0.404943343824,-0.628597146586,-0.000436638076738,0.136451421762,-0.797659561541,-0.318678975896,-0.0522710386158,-0.0159923568374,44.6406570001,-1.65234342737,-0.215068852621,0.060393120569,0.3619013226,0.388403428703,-0.778233215212,0.103443926546,1.26205656218,1.07598284646,0.220035680477,0.055999783043,0.144852807584,0.255629759937
