684.849193861,-8.32989991831,-139.150971063,-330.184753097,-0.242111421225,414.419439104,581.423451551,-0.00624959692671,-0.0504876512477,730.107943728,-362.481173442,-361.90782823,17.1664525669,-8.58672969581,-9.97135454169,6.78424966743,-27.4193860583,189.869546382,53.4511436503,-0.00480086736699,523.026039968,182.081371357,-600.317480721,107.69774691,-0.000778996605603,-10.9932300247,4.98697023465,-21.7430914857,-2.36530022756,-29.0459797594,2.38830002016,-21.2700870396,-8.01457789205,2.15428179973,-6.67601192884,2.96672120481,-1.21734087443,0.877196972059,0.00261232964546,5.17565750877,-2.38016152198,0.278366455081,-1.37865430296,-4.32793162962,-1.13345724283,-2.87999379606,0.60732571966,3.29368349496,-4.40500867778,-2.21723237143,-0.315250868511,-1.30132683408,6.69304556779,-0.406187522954,6.17932366991,-3.68972418896,-5.38372018178,-5.41238562487
-8.32989991831,100.635000896,4.03457033052,-18.8243227612,0.0144156743479,-28.1113131544,-21.0185277645,0.00190104580917,-0.112053449232,-22.6050262153,9.7412924863,9.82737956906,0.133597676259,0.594847663215,6.69333008544,-2.91560600659,-3.15519708099,-18.3871180025,-5.81081795639,-0.00163926950633,-16.7576909065,1.51202986575,17.0801391222,-20.3129422696,0.000598740966515,0.467274761963,-1.32833299258,-2.99393629227,-69.0441720199,-1.75122669338,0.508259687505,2.12163296466,0.251896581507,-1.05102374319,0.89540433847,-0.682602984436,-0.326191286654,0.650003365709,0.0081658627379,0.235286857864,1.4716931266,-1.11341967462,-0.646091926255,0.444890597921,1.25802836444,1.71049828495,-0.314038815375,0.093060830102,1.68200869993,0.368963241897,0.951120370045,-2.22033937427,-2.45270042961,1.58730439029,0.227154898844,0.346872214405,0.847134029095,-1.61002907137
-139.150971063,4.03457033052,231.541684865,767.860922569,0.441805823375,30.4740274274,-836.135498238,-0.0962828200844,1.81713400728,-982.911482157,425.908912799,426.010113577,-2.06553682946,13.337504256,8.62999313764,1.63469705986,-25.313790928,-327.814509124,-106.719915914,-0.0386275818102,-758.292997204,-99.6287808224,147.752286719,51.182316787,0.00353898631277,27.5849660236,-6.1507182939,43.5587902306,2.34334301839,30.7325196714,15.0660761397,18.1820580595,8.55538817627,0.920375743954,3.40064586033,-1.46174246484,-0.263225885134,1.54073279335,0.00442232308249,-0.962908416931,-1.46235503484,0.0366881772014,4.21031171352,1.77823679252,3.25200813888,0.67666646068,-0.921808879932,0.209107202645,0.0480502864648,-0.102667278022,0.101876723754,2.30134320896,0.741071055258,4.5698970768,-13.0141923255,1.4790874017,3.88226939133,6.99325843876
-330.184753097,-18.8243227612,767.860922569,4222.90739976,1.41061031735,517.707630871,-2546.13648556,-0.331938375214,7.9256394675,-3039.89739547,1338.10979117,1339.25902089,-26.2770528583,41.7275534562,30.6344731485,10.9115879247,-41.3393696296,-1239.09514951,-421.402935705,-0.149971233635,-2332.18291453,-342.026275703,414.646914533,657.072977681,0.0113975217146,87.8675984295,-24.3544967534,53.535708218,25.9773747569,69.9740755258,-18.7637606229,3.8563876354,24.3894292962,15.3715607705,19.2038152618,3.58266702614,-0.380796456613,3.15580644211,-0.0142028155717,-6.38910964239,-3.43485279789,1.42546019353,15.7899323637,8.27122734433,15.7424928145,0.37037940435,-1.88766835728,0.315024613811,1.96405027105,4.57949521065,4.28369942501,1.98801592717,24.3936743039,12.9570378638,-45.1714940883,-2.02183326744,7.13245251765,24.0348767992
-0.242111421225,0.0144156743479,0.441805823375,1.41061031735,0.00746649902855,0.0450706579008,-1.65664262386,0.000420641242984,-0.0141491387058,-1.8987661231,0.882673192258,0.880246245747,-0.0117804029384,0.0280409124068,0.0164973753163,-0.0154247752518,-0.0472578286463,-0.641286553786,-0.214088416417,-0.000118884046067,-1.47264075846,-0.181673634553,0.279299459897,0.0238362198283,-8.75021295181e-06,0.0466636306862,0.00564378713128,0.0780926820039,0.00360399137373,0.0659420786171,0.0334597367953,0.040942124288,0.0190679952511,0.00679271239871,0.019392358776,-0.000950861999238,-0.00249633563488,0.00438131160665,-9.13867604295e-05,0.0184708060088,0.00897638650816,-0.000257636992378,0.00645281872039,0.00569903030642,0.00685944637237,0.00294163324529,-0.00364207917288,0.0111383228036,0.00379465585722,0.000833282154014,0.0122266113932,0.00731753160004,0.00537733359288,0.0106726374563,-0.024286947135,-0.000773898233196,0.00523118347609,0.00921836234858
414.419439104,-28.1113131544,30.4740274274,517.707630871,0.0450706579008,594.797401405,-2.45589294776,-0.0456936903843,1.33111353037,25.2323604572,-62.5659829084,-61.6212115345,15.0683795307,4.8453993368,3.35393838072,6.40380622611,-55.3306661806,-154.02965426,-61.4792372638,-0.0380945338991,-9.7269739609,113.546341942,-597.541438733,208.447202501,0.00142609411488,15.1256131242,-5.93237239189,-109.724860304,2.83692943163,-80.116486313,-44.5227650058,-58.0804109719,-1.03810420558,3.37252445949,-3.08135641964,4.55394790096,0.705837383622,3.0104518242,0.00065419650391,0.527861031211,0.489749422358,0.066446254234,3.81457558981,-1.0279000451,3.5987449537,0.639570417151,-0.977143842938,1.2681903358,-1.6848508933,-1.62422602205,-1.24298090911,-1.14629213048,9.86814140401,1.84680477575,-3.92539569014,-2.69127267278,-4.8494061151,-2.67613038046
581.423451551,-21.0185277645,-836.135498238,-2546.13648556,-1.65664262386,-2.45589294776,3285.54463886,0.124640462765,-2.58969813492,3723.11144215,-1644.88740442,-1644.22904328,51.6330398211,-55.1906933861,-38.5768206228,-11.3325712983,81.23562533,1359.4879612,439.240140789,0.131214760913,2865.05270486,336.944940016,-550.848530489,34.008850171,-0.0114478440727,-112.943120993,32.1364066133,-177.212008953,-5.94865655372,-122.495111757,-53.4885812583,-81.5962054444,-34.9576300475,0.659223800041,-13.7733612632,-5.56182300675,-9.51162771527,-13.0431027578,-0.0179741917318,-7.93724232321,-11.4159812864,-8.83506917231,-24.5514480249,-11.5768611013,-12.8250528668,-1.0037949499,5.06614285818,-0.347773473603,-0.199735910332,1.10529544247,-0.353789269935,-9.56673426514,-11.806106489,-18.2884063229,46.234257044,-7.43613405944,-21.4701646195,-19.5038067989
-0.00624959692671,0.00190104580917,-0.0962828200844,-0.331938375214,0.000420641242984,-0.0456936903843,0.124640462765,0.034229859498,-0.331225819919,0.294451443526,0.0013840401586,0.00623098636831,-0.0240480685149,-0.0126005786146,0.0122600045598,0.0134626873243,0.00130873137172,0.0550326938738,0.0179609341412,-0.000609245960475,0.295543117339,0.105222449058,-0.0715142630824,-0.0508990081152,-0.000144576822809,-0.00476794294257,-0.0154384776974,-0.0151296327828,-0.0118054896105,-0.0158311030895,-0.0065967982016,-0.00336440552479,-0.000231065643208,-0.00379900507485,-0.0116521132685,-0.00250180207039,0.042222696367,-0.00791905488831,-0.000710590079319,-0.0172243027444,-0.00447716527205,0.000659020419086,-0.000455734312208,-0.00388488141477,-0.00352238772184,-0.000730571555932,-0.00399828763448,-0.00414825690945,0.00681389226077,0.000241618071432,-0.0107487418307,-0.000930079776112,-0.0110304298068,0.00921437551997,0.00815924447056,0.00794477870213,-0.00147561876394,-0.00222232264301
-0.0504876512477,-0.112053449232,1.81713400728,7.9256394675,-0.0141491387058,1.33111353037,-2.58969813492,-0.331225819919,4.498597698,-6.07379449416,-0.249218844023,-0.239779383293,0.809960787166,0.232399751141,-0.398388605022,-0.222124499876,-0.65234659786,-1.97281253705,-0.528797983717,0.00903612296034,-5.28697227018,-1.68345442635,1.53132836483,1.28071611456,0.00190282837364,0.286586469841,0.0146254651994,-0.00701601553444,0.220684019383,0.279580683174,0.0108530460272,0.131698665024,0.0691745010095,0.0342675008251,0.119268752557,0.115739270607,-0.569482136324,0.183088459215,0.00870569157718,0.0186572414992,-0.116113566357,0.0454681180812,0.150311489704,0.0689254704419,0.0201408785137,-0.0637088468574,0.0693398188613,-0.143565203831,-0.076459053091,0.0649155328456,-0.00612625666505,-0.0631533923803,-0.135993961095,-0.127785707,-0.163852943148,-0.0542605103097,-0.0425021732798,0.00333127660695
730.107943728,-22.6050262153,-982.911482157,-3039.89739547,-1.8987661231,25.2323604572,3723.11144215,0.294451443526,-6.07379449416,4840.80135456,-1963.53049439,-1963.36296403,77.9126583551,-71.210983504,-2.94331781593,-24.6355459193,36.4189343469,1375.74412237,428.312034706,0.15692768228,3390.33134455,784.377709617,-804.959727175,-280.878671951,-0.0134192747979,-132.208187283,35.4321222487,-206.599821496,-11.7185175231,-153.733384266,-55.4089951411,-101.180276536,-46.8974938829,-1.2178754177,-15.9160249251,-5.69527515238,-2.08477970274,-16.9336277414,-0.00202417472866,13.5023120009,-9.15378729396,-4.26725248612,-33.4520366079,-10.0151089592,-30.1379705438,-13.395447862,4.00383804762,1.95543699668,-14.6156917361,-13.5152460261,-19.7393264217,-20.2099532262,-9.87983660471,-26.8753321239,55.3832523631,-18.9192409114,-24.2897364307,-46.8464056466
-362.481173442,9.7412924863,425.908912799,1338.10979117,0.882673192258,-62.5659829084,-1644.88740442,0.0013840401586,-0.249218844023,-1963.53049439,1167.26304682,1165.18064955,-123.089660063,22.5856187741,-36.2892767219,15.8653941761,51.127701992,-500.579392576,-157.008507198,-0.0800259445135,-1414.23708025,-419.708396612,423.362231939,231.577563886,0.00619735454823,69.8094100525,-10.7178917701,99.1928487073,5.75055246345,81.9714447526,28.4217140197,47.1988675725,23.1408770382,2.63765175032,4.98224038252,19.9231795437,19.1237681567,11.4523097798,0.0027472146917,15.8876259778,25.1201404014,14.3431490269,23.2783372058,20.8174879178,20.2615245374,18.9267720099,-1.78675560564,11.2242406076,12.1269333655,11.7796623338,16.6273427312,18.8896497371,21.4540744388,15.1907709188,-23.868972635,6.87914261151,9.1615557881,32.1704604919
-361.90782823,9.82737956906,426.010113577,1339.25902089,0.880246245747,-61.6212115345,-1644.22904328,0.00623098636831,-0.239779383293,-1963.36296403,1165.18064955,1163.8304861,-121.684554509,22.4749733597,-36.0193642723,15.8606635031,49.9445260719,-502.330670423,-157.587159039,-0.0799249608263,-1414.48796525,-418.389607181,422.988794862,229.875984451,0.00614351153104,69.662200424,-10.8784253903,98.7197960043,5.71253692046,81.7897308974,28.3938237713,47.1159562019,23.2221853781,2.68544581828,4.93125555819,19.8249511521,19.1341816607,11.4664295058,0.00209602323486,15.9095946761,24.9406412969,14.3007223394,23.2286344605,20.8127645133,20.1438311238,18.8524983896,-1.83984113158,11.1342419206,12.1291270319,11.8109931015,16.5669568078,18.8791286006,21.1007710816,15.176750249,-23.8734840681,6.83713436861,9.00928300393,32.1361947134
17.1664525669,0.133597676259,-2.06553682946,-26.2770528583,-0.0117804029384,15.0683795307,51.6330398211,-0.0240480685149,0.809960787166,77.9126583551,-123.089660063,-121.684554509,118.875556373,1.35452845031,18.0286689434,-7.9069895976,-68.6327016549,-36.1656119743,-15.3989096724,-0.000389728440282,10.6663108863,117.945505417,-6.86258253737,-124.037909135,0.000965006189753,-3.82721912031,0.406728306139,-5.53887162506,-0.704275394525,-6.73878984301,0.166638101676,-2.33066369988,-0.429118702004,1.49968434474,0.937929977154,-7.61771495174,-5.29823711564,2.22462622406,0.00766272535651,0.200185566529,-0.0933552829681,-6.53727216333,0.572938554945,-2.88719435212,-5.7112142621,-5.29642531174,-1.12905830503,0.949802407677,0.680222533251,-5.2455939239,-1.77116531876,-4.81339090184,-11.0120626726,-2.21057411262,0.761674700927,-3.29582370899,-1.11741591882,-8.71378716546
-8.58672969581,0.594847663215,13.337504256,41.7275534562,0.0280409124068,4.8453993368,-55.1906933861,-0.0126005786146,0.232399751141,-71.210983504,22.5856187741,22.4749733597,1.35452845031,402.186890503,6.22710717323,-10.26623498,-6.34872925161,-3.46665056116,-0.747590577354,0.00279208389254,-53.1865967574,-6.13989028505,2.04339076285,17.0000425846,-0.000444058912007,7.90633185898,-0.377307673421,-0.656941698663,0.474769860993,0.537808243412,-0.152968150988,-1.97676331958,-0.399599030169,1.10702795286,8.50365653393,2.53807418194,-0.639216637994,-0.59826545376,-0.00576296610683,2.01751302617,0.878761931273,-1.54730378153,0.400445461437,-1.16211371859,-0.672485340562,-3.16902072761,1.4833366512,0.83982884109,-2.07628482383,2.73059373743,-3.54834883562,-1.10931599061,2.51135627822,0.702342231723,-1.54480337932,-1.94870453641,1.32776418617,3.4142790533
-9.97135454169,6.69333008544,8.62999313764,30.6344731485,0.0164973753163,3.35393838072,-38.5768206228,0.0122600045598,-0.398388605022,-2.94331781593,-36.2892767219,-36.0193642723,18.0286689434,6.22710717323,291.871513097,-1.63420443951,-47.4375899366,-247.379479989,-86.3760325079,0.0105068244878,-39.8284194728,93.2357934244,-296.158768717,-73.6507957514,0.000629715903887,-11.9355483389,3.23492449385,-2.5646468227,-3.4400054767,-1.82314804677,-1.89846221386,-0.52688812362,0.409350183543,0.186419734877,3.46759657517,-1.80484372008,-3.67029245371,-1.35729846216,0.0107614985866,0.298112996746,3.15786173103,-1.1038290687,-5.37226269035,-2.52718705063,1.41632798662,-0.495513406591,0.0303947014285,2.04916853973,2.50674786624,2.35480985458,0.688674781518,-3.58846097662,-5.29496279681,-0.612241955689,-2.14181027167,2.93998296985,2.1916312284,1.50920047202
6.78424966743,-2.91560600659,1.63469705986,10.9115879247,-0.0154247752518,6.40380622611,-11.3325712983,0.0134626873243,-0.222124499876,-24.6355459193,15.8653941761,15.8606635031,-7.9069895976,-10.26623498,-1.63420443951,164.694045568,71.669839087,-4.16777246144,-2.35956307173,0.00908413503096,-3.48001386476,-24.8228386819,16.6694084861,16.6283164999,2.0698477809e-05,2.05552377876,-1.38402465108,0.599193183233,1.82395475444,-1.14103287819,-3.90430072765,4.57391280833,-1.1685696635,-3.13656766045,-65.1235742514,0.687008989256,1.52019889679,0.331658809399,0.00326918098205,-0.671120819581,0.0368157319763,0.141086530156,-1.95235772015,-3.16931582043,-0.352511056959,1.8736220351,0.23695184897,1.76241176222,-0.717455059658,0.620237623286,-0.694350429795,4.9029168723,-2.93410779791,-2.09812899647,0.0644848096296,-0.819081774229,2.01047712172,15.8521544947
-27.4193860583,-3.15519708099,-25.313790928,-41.3393696296,-0.0472578286463,-55.3306661806,81.23562533,0.00130873137172,-0.65234659786,36.4189343469,51.127701992,49.9445260719,-68.6327016549,-6.34872925161,-47.4375899366,71.669839087,206.677807498,137.567236289,50.9238569515,0.00510177059788,98.6060891022,-150.735019342,40.1517614014,201.289231291,-0.00018571200138,0.602714845737,5.97624266622,11.8130557098,2.96191894696,16.233193232,0.665907853818,5.22178920319,1.7084496186,3.345206307,1.962830816,0.0501235090083,1.2250828994,-3.0028258667,-0.00369022042831,-0.105719347115,-5.01348172039,2.04083941956,-1.10960286185,-1.60366514866,1.00762299881,2.24095317241,3.03512222072,-0.833800633265,0.916960169716,3.08656831563,3.84900058049,7.95810456335,8.51465788882,2.23239637263,1.00743111119,5.01918614668,0.731432523836,17.579842689
189.869546382,-18.3871180025,-327.814509124,-1239.09514951,-0.641286553786,-154.02965426,1359.4879612,0.0550326938738,-1.97281253705,1375.74412237,-500.579392576,-502.330670423,-36.1656119743,-3.46665056116,-247.379479989,-4.16777246144,137.567236289,1797.9709123,586.82508952,0.0345735309709,1217.95092875,-165.842196107,393.539215856,421.223902794,-0.00478582724655,-17.015922455,6.83837325651,-17.1390406133,7.15297310686,-4.79413490181,24.6318438206,-24.4332408068,-14.9752354985,19.5063742047,-7.59251165817,8.43526300371,-0.238229862807,-2.29242872634,-0.0152924836633,-1.37726728859,5.92932433439,2.15207297402,2.23406541854,-3.09396916317,-4.90988602655,-3.1753715076,3.43958938573,0.098387537185,-2.91973319064,4.46172937242,6.66570360768,5.60080352865,26.5082599862,-0.910401131745,21.2509558176,-3.46607552233,-0.0114159956044,-7.03521063401
53.4511436503,-5.81081795639,-106.719915914,-421.402935705,-0.214088416417,-61.4792372638,439.240140789,0.0179609341412,-0.528797983717,428.312034706,-157.008507198,-157.587159039,-15.3989096724,-0.747590577354,-86.3760325079,-2.35956307173,50.9238569515,586.82508952,195.749425628,0.006606990775,390.664224269,-70.0613838271,138.908441803,146.825601883,-0.00164635898665,-3.87482603584,1.81421584039,-3.59305028516,2.62655107738,0.221846716653,8.707058244,-6.65165130018,-4.93308350374,4.35142361117,-2.79742246057,2.60415727656,0.267030789678,-0.765764051575,-0.00803870630949,-0.775384620198,0.806731106859,0.717238829604,0.962565624195,-0.919974535387,-1.39532102591,-0.838050641926,0.845191593407,-0.491469708001,-1.05210354058,1.41809349887,2.20677216375,2.214821183,8.07909432515,-0.118625746523,6.81646810166,-1.06863553614,-0.109615950576,-2.24693326131
-0.00480086736699,-0.00163926950633,-0.0386275818102,-0.149971233635,-0.000118884046067,-0.0380945338991,0.131214760913,-0.000609245960475,0.00903612296034,0.15692768228,-0.0800259445135,-0.0799249608263,-0.000389728440282,0.00279208389254,0.0105068244878,0.00908413503096,0.00510177059788,0.0345735309709,0.006606990775,0.00124222631711,0.114257693594,0.0293109145356,0.00130463601251,-0.0497464129336,3.22089702418e-06,-0.00641402714527,0.00598357344538,-0.00114730828045,-0.00206466530776,-0.00109003918159,0.00304685940036,0.0023777051547,0.00394812012091,-0.00173896604577,-0.00337020643441,0.000331756735061,-0.00242144639901,-0.000537176968161,0.000120652394215,-0.00523245524406,-0.000118513998914,-0.00364742126744,-0.00437258711077,-0.00723347265063,-0.00780654508866,3.52368643744e-05,-0.00331118190819,0.00188383788107,0.000770301493861,0.00490292398451,0.00220481402534,-0.00160963838285,-0.0101230110501,-0.00315899684461,0.00401965847524,0.00651858938482,-0.00177563690631,0.00143444105661
523.026039968,-16.7576909065,-758.292997204,-2332.18291453,-1.47264075846,-9.7269739609,2865.05270486,0.295543117339,-5.28697227018,3390.33134455,-1414.23708025,-1414.48796525,10.6663108863,-53.1865967574,-39.8284194728,-3.48001386476,98.6060891022,1217.95092875,390.664224269,0.114257693594,2587.14293291,334.490277245,-519.436341394,-14.8017247887,-0.0112495714069,-99.6653663088,24.5374047451,-158.64213621,-7.90766124038,-110.725046714,-49.0163812718,-73.3614920329,-31.4924322668,0.294996149721,-12.6459893893,5.70269251719,0.404752837787,-6.19017047303,-0.0150759631018,2.16769202987,4.9423272907,0.277810948889,-16.0432945077,-5.07764111436,-11.4667526897,-1.61902047814,4.11756570947,-0.547467836801,-0.657469334265,0.503131409703,-0.729778284106,-7.50247222027,-6.53385335355,-15.0978611313,42.5270103878,-8.27018002341,-18.0726740229,-23.1627281657
182.081371357,1.51202986575,-99.6287808224,-342.026275703,-0.181673634553,113.546341942,336.944940016,0.105222449058,-1.68345442635,784.377709617,-419.708396612,-418.389607181,117.945505417,-6.13989028505,93.2357934244,-24.8228386819,-150.735019342,-165.842196107,-70.0613838271,0.0293109145356,334.490277245,625.477606197,-356.015347352,-460.662349713,-0.000829202486231,-14.4422171488,-5.40295338466,-45.2566595605,-8.99396533725,-51.9662303694,-4.30884919771,-21.9751163119,-18.0849790123,-6.50382545872,-6.18145179923,1.77790926356,0.750629545911,-1.21628865351,0.0172338207121,4.97333993548,-2.97312298729,1.23906353251,-5.9891612245,1.69052708516,4.21951035789,2.96132158289,-0.759227311545,0.580183313845,3.83832656666,-3.06584516578,-2.03703793304,-1.82314417611,-22.2416033759,-19.0009798699,5.89520750875,-16.1779934854,-3.4373835462,-37.607811873
-600.317480721,17.0801391222,147.752286719,414.646914533,0.279299459897,-597.541438733,-550.848530489,-0.0715142630824,1.53132836483,-804.959727175,423.362231939,422.988794862,-6.86258253737,2.04339076285,-296.158768717,16.6694084861,40.1517614014,393.539215856,138.908441803,0.00130463601251,-519.436341394,-356.015347352,1417.12095799,-40.6900749595,-0.000111035601965,11.5387764044,-5.35918605395,168.069463884,10.6595292591,146.353991485,46.9255047908,70.4815061377,32.6958338531,27.7715384468,-0.75608029475,-1.50625038877,-1.32855054749,1.87721987558,-0.0215482281015,-5.40430891911,0.339777943052,-0.842734611669,8.7744207643,1.9811033959,-3.58740405772,-5.89772203978,-1.63244944089,-3.31043762309,-1.23651232706,-1.4243336165,-1.32492099552,3.92078310461,-1.80814682402,-1.43238185075,-2.89298750672,-4.05109211364,1.45296570206,2.09888608064
107.69774691,-20.3129422696,51.182316787,657.072977681,0.0238362198283,208.447202501,34.008850171,-0.0508990081152,1.28071611456,-280.878671951,231.577563886,229.875984451,-124.037909135,17.0000425846,-73.6507957514,16.6283164999,201.289231291,421.223902794,146.825601883,-0.0497464129336,-14.8017247887,-460.662349713,-40.6900749595,974.468926013,0.000679926076889,29.7494481899,4.0572110955,-27.5800769922,12.7165059783,0.0843516159022,-1.84047590478,-25.1664586521,-5.21920182406,2.31349837331,5.1205673479,3.46096272879,1.54525172203,-0.841645941578,-0.0145484734561,-6.62352540459,-0.205687506316,0.764096957737,5.00402893088,-1.83134797139,1.19368626561,1.88249364335,1.89084402586,-4.43640373605,-1.37510751675,4.02705395628,5.85553250544,1.39572148804,66.5700083799,23.4523107374,-5.48359089421,25.0468090859,15.1622891982,64.5278936731
-0.000778996605603,0.000598740966515,0.00353898631277,0.0113975217146,-8.75021295181e-06,0.00142609411488,-0.0114478440727,-0.000144576822809,0.00190282837364,-0.0134192747979,0.00619735454823,0.00614351153104,0.000965006189753,-0.000444058912007,0.000629715903887,2.0698477809e-05,-0.00018571200138,-0.00478582724655,-0.00164635898665,3.22089702418e-06,-0.0112495714069,-0.000829202486231,-0.000111035601965,0.000679926076889,4.46518567157e-06,-0.000591568382322,-0.000357157616649,0.000443124428877,1.41722924174e-05,-0.000123966489409,-0.000116202993707,0.000166580862591,-0.000106479241213,-7.72281418486e-05,-0.00023079794904,-0.000269708065585,-0.000354994130189,0.000258861951255,2.14527718062e-05,0.000665270523942,-6.41979521189e-05,0.00023726735245,0.000113008988521,0.000295480289591,0.00082031437802,8.81003344942e-05,-0.000108464476615,0.000499885895918,0.000368675636203,-0.000228264917213,-3.2625603149e-05,2.70805691631e-05,0.000364283622048,-1.65894426033e-05,-0.000267979254293,-0.000410809318737,0.00021419683512,0.000166877442105
-10.9932300247,0.467274761963,27.5849660236,87.8675984295,0.0466636306862,15.1256131242,-112.943120993,-0.00476794294257,0.286586469841,-132.208187283,69.8094100525,69.662200424,-3.82721912031,7.90633185898,-11.9355483389,2.05552377876,0.602714845737,-17.015922455,-3.87482603584,-0.00641402714527,-99.6653663088,-14.4422171488,11.5387764044,29.7494481899,-0.000591568382322,673.657002894,-7.96659489759,3.49930897023,-0.131809744012,-3.04875581819,-3.85173297618,2.29968087952,2.45222238378,-4.20726264655,-0.7868122437,3.89897176486,3.6881304074,0.321524874065,-0.0112281449661,0.788046002724,1.55125677124,-2.98601169856,1.45942051124,1.05572224014,2.86951649246,0.192046832047,1.72045712511,-1.47495400345,-2.58295145152,1.78211557289,-1.77230052562,1.68773464943,-2.10692507808,1.91853037492,-2.26455901996,-3.64509991227,2.32241502015,7.03153372338
4.98697023465,-1.32833299258,-6.1507182939,-24.3544967534,0.00564378713128,-5.93237239189,32.1364066133,-0.0154384776974,0.0146254651994,35.4321222487,-10.7178917701,-10.8784253903,0.406728306139,-0.377307673421,3.23492449385,-1.38402465108,5.97624266622,6.83837325651,1.81421584039,0.00598357344538,24.5374047451,-5.40295338466,-5.35918605395,4.0572110955,-0.000357157616649,-7.96659489759,196.059235634,1.43984264869,1.19568452485,2.42735800048,4.70836586596,-3.66655530057,1.55675340595,2.22753209894,1.06446123943,-2.3161177222,-3.11467489897,-0.851039656181,-0.000765406351233,0.25328900829,0.658073820862,-0.891168525942,-1.74593640769,0.0893388914568,0.352685658264,-2.50773937412,0.104495513639,-0.194850055001,2.50380517117,-0.304636077708,-0.0207547815102,-0.658224381343,0.33370049582,-1.07895549613,0.49158987836,1.18811359978,2.71438915136,1.02358023028
-21.7430914857,-2.99393629227,43.5587902306,53.535708218,0.0780926820039,-109.724860304,-177.212008953,-0.0151296327828,-0.00701601553444,-206.599821496,99.1928487073,98.7197960043,-5.53887162506,-0.656941698663,-2.5646468227,0.599193183233,11.8130557098,-17.1390406133,-3.59305028516,-0.00114730828045,-158.64213621,-45.2566595605,168.069463884,-27.5800769922,0.000443124428877,3.49930897023,1.43984264869,191.217712083,1.83099869429,6.14081107796,-2.29035621023,-0.211208411716,2.14342526193,0.168951181366,-0.9607617102,-2.28276126134,-0.425594373366,-1.63228857587,0.00216934802661,-0.51055071723,-0.896355460725,-0.468015518451,-0.478603103721,-1.55588744903,-0.518713485078,-3.2850274446,0.162811540317,0.445651487681,-0.474326633285,0.270494472461,0.554004953125,3.56002035122,-0.289545510131,-0.156089918369,-1.79737649949,-0.660142063417,-0.866399439086,2.75511503346
-2.36530022756,-69.0441720199,2.34334301839,25.9773747569,0.00360399137373,2.83692943163,-5.94865655372,-0.0118054896105,0.220684019383,-11.7185175231,5.75055246345,5.71253692046,-0.704275394525,0.474769860993,-3.4400054767,1.82395475444,2.96191894696,7.15297310686,2.62655107738,-0.00206466530776,-7.90766124038,-8.99396533725,10.6595292591,12.7165059783,1.41722924174e-05,-0.131809744012,1.19568452485,1.83099869429,66.2138381414,2.72124145126,-0.761289735368,0.475949293615,-0.361083512422,0.329997242376,-1.03988161445,0.668076599797,-0.323374342576,-0.44481104631,-0.00365605442507,-0.302588717464,-1.64077131937,1.18600831257,0.347306460523,-0.105822570722,-1.26179561438,-1.26652536178,0.450361969887,0.453790730427,-0.853968680837,-0.0713120516148,-0.82060620253,0.397749249173,0.842319907768,-0.922979015063,-0.523545926668,0.385443219775,0.278879022013,1.88417258621
-29.0459797594,-1.75122669338,30.7325196714,69.9740755258,0.0659420786171,-80.116486313,-122.495111757,-0.0158311030895,0.279580683174,-153.733384266,81.9714447526,81.7897308974,-6.73878984301,0.537808243412,-1.82314804677,-1.14103287819,16.233193232,-4.79413490181,0.221846716653,-0.00109003918159,-110.725046714,-51.9662303694,146.353991485,0.0843516159022,-0.000123966489409,-3.04875581819,2.42735800048,6.14081107796,2.72124145126,135.917496145,1.03143453291,4.18550846599,0.707329726072,1.84886757705,2.16220589325,-0.191650731659,-0.739950476666,0.100173663162,-0.00451255320952,-0.0450890287096,-1.74690777415,-0.199213262544,1.56563488375,0.632166167784,-0.563050994846,-1.70780330725,0.131293357402,-1.07714570215,-0.152259758136,-0.740082677859,-0.89705539803,0.959524675529,0.865957839773,1.54319473002,-1.57832263662,0.742694397201,-0.379538051742,1.63560278962
2.38830002016,0.508259687505,15.0660761397,-18.7637606229,0.0334597367953,-44.5227650058,-53.4885812583,-0.0065967982016,0.0108530460272,-55.4089951411,28.4217140197,28.3938237713,0.166638101676,-0.152968150988,-1.89846221386,-3.90430072765,0.665907853818,24.6318438206,8.707058244,0.00304685940036,-49.0163812718,-4.30884919771,46.9255047908,-1.84047590478,-0.000116202993707,-3.85173297618,4.70836586596,-2.29035621023,-0.761289735368,1.03143453291,67.1589539484,0.323231013008,0.155886799067,-0.730345992511,0.834491529917,-0.717988449452,-0.39163935645,-0.715657841571,-0.00065580706607,1.65960377166,-1.06276541477,-0.225396191316,-1.04936224718,-1.0552098803,-0.254063822162,-0.428774979415,-0.00787703698806,1.06473570855,-0.800101146149,-0.291299426299,0.494276451709,0.584534970962,0.0413883655695,0.32951970386,-0.723009001565,0.327634179192,-0.637365087337,1.3090287155
-21.2700870396,2.12163296466,18.1820580595,3.8563876354,0.040942124288,-58.0804109719,-81.5962054444,-0.00336440552479,0.131698665024,-101.180276536,47.1988675725,47.1159562019,-2.33066369988,-1.97676331958,-0.52688812362,4.57391280833,5.22178920319,-24.4332408068,-6.65165130018,0.0023777051547,-73.3614920329,-21.9751163119,70.4815061377,-25.1664586521,0.000166580862591,2.29968087952,-3.66655530057,-0.211208411716,0.475949293615,4.18550846599,0.323231013008,67.2705424166,1.51827231909,-0.638432497978,1.45522489674,-0.891206677773,-0.130428537279,0.490317699723,0.000992546577273,0.225451977226,-0.590136371369,0.948854642024,1.06632739021,-0.379681490255,0.459054408161,-0.202006978849,-0.532732871516,-0.175311202325,-0.506347533402,-0.53646480029,0.165556083995,0.126162154539,-1.08858474532,0.117030381887,-0.800467539751,0.374972041363,4.01630847083,1.6490843756
-8.01457789205,0.251896581507,8.55538817627,24.3894292962,0.0190679952511,-1.03810420558,-34.9576300475,-0.000231065643208,0.0691745010095,-46.8974938829,23.1408770382,23.2221853781,-0.429118702004,-0.399599030169,0.409350183543,-1.1685696635,1.7084496186,-14.9752354985,-4.93308350374,0.00394812012091,-31.4924322668,-18.0849790123,32.6958338531,-5.21920182406,-0.000106479241213,2.45222238378,1.55675340595,2.14342526193,-0.361083512422,0.707329726072,0.155886799067,1.51827231909,29.5684450506,0.666923738599,0.785232521325,-0.983611475048,-0.0708560845234,0.691088055208,-0.00153572946167,-0.54968629543,-0.154818221128,-0.14082110094,0.878839302553,-0.335963833199,-0.417808767456,-0.0509531467565,-0.289668576685,-0.0707576422195,0.0745069251387,-0.84294148195,-0.115946533846,0.0706194846848,0.532860093458,0.305975459957,-0.342310950356,0.959250512336,-0.966807427408,0.752443743812
2.15428179973,-1.05102374319,0.920375743954,15.3715607705,0.00679271239871,3.37252445949,0.659223800041,-0.00379900507485,0.0342675008251,-1.2178754177,2.63765175032,2.68544581828,1.49968434474,1.10702795286,0.186419734877,-3.13656766045,3.345206307,19.5063742047,4.35142361117,-0.00173896604577,0.294996149721,-6.50382545872,27.7715384468,2.31349837331,-7.72281418486e-05,-4.20726264655,2.22753209894,0.168951181366,0.329997242376,1.84886757705,-0.730345992511,-0.638432497978,0.666923738599,25.5024850076,4.42405485067,0.378991262714,-2.12602917005,0.152829899563,-0.00134119741881,0.512300021272,0.606402664831,-0.0853459582365,0.11302193464,-0.103511193615,0.00249638901765,-0.913253248075,0.203692570601,-0.53096161022,0.172622817479,0.213075594325,-0.501518747194,-0.655228930497,1.65177193395,0.172633439084,0.261264192595,1.1339963501,0.202919686496,-0.15940940345
-6.67601192884,0.89540433847,3.40064586033,19.2038152618,0.019392358776,-3.08135641964,-13.7733612632,-0.0116521132685,0.119268752557,-15.9160249251,4.98224038252,4.93125555819,0.937929977154,8.50365653393,3.46759657517,-65.1235742514,1.962830816,-7.59251165817,-2.79742246057,-0.00337020643441,-12.6459893893,-6.18145179923,-0.75608029475,5.1205673479,-0.00023079794904,-0.7868122437,1.06446123943,-0.9607617102,-1.03988161445,2.16220589325,0.834491529917,1.45522489674,0.785232521325,4.42405485067,55.6032519843,-0.832345149342,-2.4908281084,0.22325877028,-0.00243470617096,0.139872258526,-0.700250864538,-0.644139966206,0.811779227108,-0.607303787983,-0.200678143226,-1.92852661379,0.437452494553,0.0222722258575,0.272897155675,0.336786460182,0.951243393966,-1.1524452348,2.97617381131,1.09613591458,-0.182845611986,0.955847620183,-0.934848107509,-3.18390396579
2.96672120481,-0.682602984436,-1.46174246484,3.58266702614,-0.000950861999238,4.55394790096,-5.56182300675,-0.00250180207039,0.115739270607,-5.69527515238,19.9231795437,19.8249511521,-7.61771495174,2.53807418194,-1.80484372008,0.687008989256,0.0501235090083,8.43526300371,2.60415727656,0.000331756735061,5.70269251719,1.77790926356,-1.50625038877,3.46096272879,-0.000269708065585,3.89897176486,-2.3161177222,-2.28276126134,0.668076599797,-0.191650731659,-0.717988449452,-0.891206677773,-0.983611475048,0.378991262714,-0.832345149342,36.3964838713,1.16596888765,0.640216549208,-0.00316504159226,-0.100983412469,0.0298171443459,0.275980153162,0.275682360054,0.752391174412,0.0190311451941,0.341232698374,0.135170673566,0.680688805603,-0.534200956268,0.58294332295,-0.354157938114,0.521344423773,0.285396591006,-0.87942862935,-0.00724784288583,-1.13379423427,0.123498335555,-0.914267667863
-1.21734087443,-0.326191286654,-0.263225885134,-0.380796456613,-0.00249633563488,0.705837383622,-9.51162771527,0.042222696367,-0.569482136324,-2.08477970274,19.1237681567,19.1341816607,-5.29823711564,-0.639216637994,-3.67029245371,1.52019889679,1.2250828994,-0.238229862807,0.267030789678,-0.00242144639901,0.404752837787,0.750629545911,-1.32855054749,1.54525172203,-0.000354994130189,3.6881304074,-3.11467489897,-0.425594373366,-0.323374342576,-0.739950476666,-0.39163935645,-0.130428537279,-0.0708560845234,-2.12602917005,-2.4908281084,1.16596888765,24.5741982602,-0.0564881384136,-0.00319653492854,0.326020008587,0.605004911941,-0.318438831082,0.700049630404,0.00381348135002,-1.02439542947,0.280291699797,0.166404203357,-0.425088325974,-1.00425977418,-0.781359562643,-0.660698505782,0.674074686812,-0.196980170664,-0.0282287197212,-0.12700093693,-0.779050479474,-0.687769772557,0.922087230841
0.877196972059,0.650003365709,1.54073279335,3.15580644211,0.00438131160665,3.0104518242,-13.0431027578,-0.00791905488831,0.183088459215,-16.9336277414,11.4523097798,11.4664295058,2.22462622406,-0.59826545376,-1.35729846216,0.331658809399,-3.0028258667,-2.29242872634,-0.765764051575,-0.000537176968161,-6.19017047303,-1.21628865351,1.87721987558,-0.841645941578,0.000258861951255,0.321524874065,-0.851039656181,-1.63228857587,-0.44481104631,0.100173663162,-0.715657841571,0.490317699723,0.691088055208,0.152829899563,0.22325877028,0.640216549208,-0.0564881384136,18.5861942763,0.00152372783891,0.110928978237,-0.00299445923255,-0.240271174446,-0.118144966754,0.292678739658,0.175239552165,0.71715794628,-0.270817527675,-0.348970494069,0.00443188097717,-0.395159946264,0.0529302931756,-0.348955345015,0.111394284567,0.225981461061,-0.109986151321,-0.338606422255,-0.0118388844012,0.948223304844
0.00261232964546,0.0081658627379,0.00442232308249,-0.0142028155717,-9.13867604295e-05,0.00065419650391,-0.0179741917318,-0.000710590079319,0.00870569157718,-0.00202417472866,0.0027472146917,0.00209602323486,0.00766272535651,-0.00576296610683,0.0107614985866,0.00326918098205,-0.00369022042831,-0.0152924836633,-0.00803870630949,0.000120652394215,-0.0150759631018,0.0172338207121,-0.0215482281015,-0.0145484734561,2.14527718062e-05,-0.0112281449661,-0.000765406351233,0.00216934802661,-0.00365605442507,-0.00451255320952,-0.00065580706607,0.000992546577273,-0.00153572946167,-0.00134119741881,-0.00243470617096,-0.00316504159226,-0.00319653492854,0.00152372783891,0.000633826844195,-0.00034605761027,0.00112132916203,0.00195942963279,-0.00138941028018,2.4303792407e-05,0.00528543315144,0.00125119117642,-0.00280046585064,0.00396901983613,0.00385710612668,-0.00128376901816,-0.000806756997698,-4.80621349597e-05,0.00301182893646,-0.0011395745531,-0.000135650651662,-0.00287094151993,0.00192066831273,0.00106280712722
5.17565750877,0.235286857864,-0.962908416931,-6.38910964239,0.0184708060088,0.527861031211,-7.93724232321,-0.0172243027444,0.0186572414992,13.5023120009,15.8876259778,15.9095946761,0.200185566529,2.01751302617,0.298112996746,-0.671120819581,-0.105719347115,-1.37726728859,-0.775384620198,-0.00523245524406,2.16769202987,4.97333993548,-5.40430891911,-6.62352540459,0.000665270523942,0.788046002724,0.25328900829,-0.51055071723,-0.302588717464,-0.0450890287096,1.65960377166,0.225451977226,-0.54968629543,0.512300021272,0.139872258526,-0.100983412469,0.326020008587,0.110928978237,-0.00034605761027,22.7476726641,0.859057779213,-0.183679874538,0.0583127026318,0.0831850021584,0.412348968276,-0.257601306105,0.512635415271,0.764907470177,0.204995883486,-0.737998394108,0.637720287335,-0.0467578148931,0.820449138237,-0.128665370864,0.0191801016636,0.283465290494,-0.221053288039,-1.0666336295
-2.38016152198,1.4716931266,-1.46235503484,-3.43485279789,0.00897638650816,0.489749422358,-11.4159812864,-0.00447716527205,-0.116113566357,-9.15378729396,25.1201404014,24.9406412969,-0.0933552829681,0.878761931273,3.15786173103,0.0368157319763,-5.01348172039,5.92932433439,0.806731106859,-0.000118513998914,4.9423272907,-2.97312298729,0.339777943052,-0.205687506316,-6.41979521189e-05,1.55125677124,0.658073820862,-0.896355460725,-1.64077131937,-1.74690777415,-1.06276541477,-0.590136371369,-0.154818221128,0.606402664831,-0.700250864538,0.0298171443459,0.605004911941,-0.00299445923255,0.00112132916203,0.859057779213,55.0115832943,-0.609471369797,-0.445076225256,1.39438924399,-0.840969384323,-0.93512260063,0.00559319066947,1.01390205187,-0.998133680838,0.378970915855,0.815057054765,0.367439785741,-0.118360570328,-0.0249176031559,0.107415303648,0.674544241898,1.63251741734,-0.755593951848
0.278366455081,-1.11341967462,0.0366881772014,1.42546019353,-0.000257636992378,0.066446254234,-8.83506917231,0.000659020419086,0.0454681180812,-4.26725248612,14.3431490269,14.3007223394,-6.53727216333,-1.54730378153,-1.1038290687,0.141086530156,2.04083941956,2.15207297402,0.717238829604,-0.00364742126744,0.277810948889,1.23906353251,-0.842734611669,0.764096957737,0.00023726735245,-2.98601169856,-0.891168525942,-0.468015518451,1.18600831257,-0.199213262544,-0.225396191316,0.948854642024,-0.14082110094,-0.0853459582365,-0.644139966206,0.275980153162,-0.318438831082,-0.240271174446,0.00195942963279,-0.183679874538,-0.609471369797,20.5805963421,0.775635183757,0.473738735597,0.23140744862,0.482832786112,-0.250717101042,-0.145626032307,-0.192160856581,0.105269057121,-0.234340878053,-0.0537964979971,-0.0658220844229,-0.233274358884,0.0846803422961,-0.252932770587,0.0230060599152,0.0645254113794
-1.37865430296,-0.646091926255,4.21031171352,15.7899323637,0.00645281872039,3.81457558981,-24.5514480249,-0.000455734312208,0.150311489704,-33.4520366079,23.2783372058,23.2286344605,0.572938554945,0.400445461437,-5.37226269035,-1.95235772015,-1.10960286185,2.23406541854,0.962565624195,-0.00437258711077,-16.0432945077,-5.9891612245,8.7744207643,5.00402893088,0.000113008988521,1.45942051124,-1.74593640769,-0.478603103721,0.347306460523,1.56563488375,-1.04936224718,1.06632739021,0.878839302553,0.11302193464,0.811779227108,0.275682360054,0.700049630404,-0.118144966754,-0.00138941028018,0.0583127026318,-0.445076225256,0.775635183757,29.5623119481,1.17148749211,-0.641798950117,-0.892461366611,-0.689708561143,-0.901602792912,1.15971322526,-1.10080112435,-0.513960530614,0.223520311235,1.22269784566,0.825159892141,-0.199264584409,0.143543401392,0.838726325916,-1.50175927496
-4.32793162962,0.444890597921,1.77823679252,8.27122734433,0.00569903030642,-1.0279000451,-11.5768611013,-0.00388488141477,0.0689254704419,-10.0151089592,20.8174879178,20.8127645133,-2.88719435212,-1.16211371859,-2.52718705063,-3.16931582043,-1.60366514866,-3.09396916317,-0.919974535387,-0.00723347265063,-5.07764111436,1.69052708516,1.9811033959,-1.83134797139,0.000295480289591,1.05572224014,0.0893388914568,-1.55588744903,-0.105822570722,0.632166167784,-1.0552098803,-0.379681490255,-0.335963833199,-0.103511193615,-0.607303787983,0.752391174412,0.00381348135002,0.292678739658,2.4303792407e-05,0.0831850021584,1.39438924399,0.473738735597,1.17148749211,20.7545585556,-0.309936334211,0.587996176173,-0.00595423491344,-0.13536554239,0.0425710865363,0.034877063949,0.430432871067,-0.566274021439,-1.15308087659,0.290901040827,0.0491971149569,-0.495566972407,1.06222804421,-1.49231859034
-1.13345724283,1.25802836444,3.25200813888,15.7424928145,0.00685944637237,3.5987449537,-12.8250528668,-0.00352238772184,0.0201408785137,-30.1379705438,20.2615245374,20.1438311238,-5.7112142621,-0.672485340562,1.41632798662,-0.352511056959,1.00762299881,-4.90988602655,-1.39532102591,-0.00780654508866,-11.4667526897,4.21951035789,-3.58740405772,1.19368626561,0.00082031437802,2.86951649246,0.352685658264,-0.518713485078,-1.26179561438,-0.563050994846,-0.254063822162,0.459054408161,-0.417808767456,0.00249638901765,-0.200678143226,0.0190311451941,-1.02439542947,0.175239552165,0.00528543315144,0.412348968276,-0.840969384323,0.23140744862,-0.641798950117,-0.309936334211,39.7965460572,0.0292887501599,-0.320065940746,-0.0493708390995,1.83705215344,-0.201583037027,-0.569686096941,0.150061249936,0.365399641964,-0.142099308866,-0.364267567701,-1.40771967278,-1.75563101075,0.0128304484737
